0,0,1.0
0,1,0.257263784303
0,2,0.371831853258
0,3,0.567039678429
0,4,0.0304010340053
0,5,0.434250100403
0,6,0.134115057985
0,7,0.155055612496
0,8,0.0321229249011
0,9,0.410638623703
0,10,0.998189466217
0,11,0.370149240372
0,12,0.125377230187
0,13,0.429361477447
0,14,0.594149295804
0,15,0.135132516376
0,16,0.325630363889
0,17,0.380273668518
0,18,0.328028171632
0,19,0.168429927036
0,20,0.87784657236
0,21,0.414257441112
0,22,0.341594214572
0,23,0.624934859613
0,24,0.205231210843
0,25,0.131325386767
0,26,0.645686981502
0,27,0.146731351264
0,28,0.256190135071
0,29,0.0747963584661
0,30,0.0610859343269
0,31,0.343551629575
0,32,0.15249482821
0,33,0.261874974681
0,34,0.384440513128
0,35,0.307160995215
0,36,0.46024835616
0,37,0.257971053882
0,38,0.57372309817
0,39,0.194645647409
0,40,0.477561942317
0,41,0.928048543368
0,42,0.205318286098
0,43,0.859764535065
0,44,0.142136471774
0,45,0.146433463896
0,46,0.114113290035
0,47,0.274993510466
0,48,0.190776672374
0,49,0.332747883301
0,50,0.0
0,51,0.0
0,52,0.0
0,53,0.0
0,54,0.0
0,55,0.0
0,56,0.0
0,57,0.0
0,58,0.0
0,59,0.0
0,60,0.0
0,61,0.0
0,62,0.0
0,63,0.0
0,64,0.0
0,65,0.0
0,66,0.0
0,67,0.0
0,68,0.0
0,69,0.0
0,70,0.0
0,71,0.0
0,72,0.0
0,73,0.0
0,74,0.0
0,75,0.0
0,76,0.0
0,77,0.0
0,78,0.0
0,79,0.0
0,80,0.0
0,81,0.0
0,82,0.0
0,83,0.0
0,84,0.0
0,85,0.0
0,86,0.0
0,87,0.0
0,88,0.0
0,89,0.0
0,90,0.0
0,91,0.0
0,92,0.0
0,93,0.0
0,94,0.0
0,95,0.0
0,96,0.0
0,97,0.0
0,98,0.0
0,99,0.0
0,100,0.0
0,101,0.0
0,102,0.0
0,103,0.0
0,104,0.0
0,105,0.0
0,106,0.0
0,107,0.0
0,108,0.0
0,109,0.0
0,110,0.0
0,111,0.0
0,112,0.0
0,113,0.0
0,114,0.0
0,115,0.0
0,116,0.0
0,117,0.0
0,118,0.0
0,119,0.0
0,120,0.0
0,121,0.00587926848466
0,122,0.0
0,123,0.0
0,124,0.0
0,125,0.0
0,126,0.0
0,127,0.0
0,128,0.0
0,129,0.0
0,130,0.0
0,131,0.0
0,132,0.0
0,133,0.0
0,134,0.0
0,135,0.0
0,136,0.0
0,137,0.0
0,138,0.0
0,139,0.0
0,140,0.0
0,141,0.0
0,142,0.00757211153545
0,143,0.0
0,144,0.0
0,145,0.0
0,146,0.0
0,147,0.0
0,148,0.0
0,149,0.0
1,0,0.257263784303
1,1,1.0
1,2,0.164267738667
1,3,0.798009552377
1,4,0.0701048115839
1,5,0.934772973537
1,6,0.268416129595
1,7,0.168183280417
1,8,0.601112974455
1,9,0.863875613837
1,10,0.261567490816
1,11,0.307711758181
1,12,0.675360146198
1,13,0.0565907622426
1,14,0.797519611229
1,15,0.102686056039
1,16,0.753169905442
1,17,0.967445426851
1,18,0.56357799481
1,19,0.40436456873
1,20,0.405195221458
1,21,0.922225896351
1,22,0.333669287685
1,23,0.780639555182
1,24,0.442997147677
1,25,0.930101581936
1,26,0.726292068073
1,27,0.601629646105
1,28,0.139231307623
1,29,0.277889604752
1,30,0.550362009116
1,31,0.837330643239
1,32,0.622106823766
1,33,0.955259426145
1,34,0.902650017663
1,35,0.979933350975
1,36,0.266280771233
1,37,0.818831150848
1,38,0.621623629359
1,39,0.340157408767
1,40,0.632060469228
1,41,0.362615957039
1,42,0.749165611835
1,43,0.321880423412
1,44,0.33707233875
1,45,0.0880653437503
1,46,0.473554115299
1,47,0.982393487515
1,48,0.535105882413
1,49,0.84303725734
1,50,0.0
1,51,0.0
1,52,0.0
1,53,0.0
1,54,0.0
1,55,0.0
1,56,0.0
1,57,0.0
1,58,0.00559175144625
1,59,0.0
1,60,0.0
1,61,0.0
1,62,0.0
1,63,0.0
1,64,0.0
1,65,0.0
1,66,0.0
1,67,0.00752869603351
1,68,0.0
1,69,0.0
1,70,0.0
1,71,0.0
1,72,0.0
1,73,0.0
1,74,0.0
1,75,0.0
1,76,0.0
1,77,0.0
1,78,0.0
1,79,0.0
1,80,0.0
1,81,0.0
1,82,0.0
1,83,0.0
1,84,0.0
1,85,0.0
1,86,0.0
1,87,0.0313680193244
1,88,0.0
1,89,0.0
1,90,0.0
1,91,0.0
1,92,0.00809071189586
1,93,0.0
1,94,0.0
1,95,0.0
1,96,0.0143997460765
1,97,0.0
1,98,0.0
1,99,0.0
1,100,0.00426258160283
1,101,0.0
1,102,0.0
1,103,0.0
1,104,0.0
1,105,0.0
1,106,0.0
1,107,0.0
1,108,0.00391535262552
1,109,0.0
1,110,0.0
1,111,0.0
1,112,0.0
1,113,0.0
1,114,0.0
1,115,0.0
1,116,0.0
1,117,0.0
1,118,0.0
1,119,0.0
1,120,0.0
1,121,0.0186572374658
1,122,0.0
1,123,0.0
1,124,0.0
1,125,0.0
1,126,0.0
1,127,0.0114216259135
1,128,0.0
1,129,0.0
1,130,0.0
1,131,0.0
1,132,0.0
1,133,0.0
1,134,0.0
1,135,0.0
1,136,0.0
1,137,0.0
1,138,0.0103033926716
1,139,0.0
1,140,0.0
1,141,0.0
1,142,0.0279418143173
1,143,0.0
1,144,0.0
1,145,0.0
1,146,0.0
1,147,0.0
1,148,0.0
1,149,0.0134728116079
2,0,0.371831853258
2,1,0.164267738667
2,2,1.0
2,3,0.425953659881
2,4,0.397644038903
2,5,0.274718578079
2,6,0.643429120548
2,7,0.809534892213
2,8,0.0439995946128
2,9,0.396766879846
2,10,0.343565105313
2,11,0.918535611982
2,12,0.278371753154
2,13,0.0257905338887
2,14,0.236698556285
2,15,0.826674140278
2,16,0.477804468106
2,17,0.224523975545
2,18,0.652337906466
2,19,0.589130615857
2,20,0.221961067527
2,21,0.318968280864
2,22,0.881084286677
2,23,0.261441566128
2,24,0.622765502835
2,25,0.0811655357684
2,26,0.466453454719
2,27,0.375702846902
2,28,0.968642355143
2,29,0.422344727752
2,30,0.172961346474
2,31,0.409468464027
2,32,0.372500950541
2,33,0.248909847418
2,34,0.350384088918
2,35,0.235263690597
2,36,0.962410127486
2,37,0.369520466107
2,38,0.637900480082
2,39,0.705819015614
2,40,0.0944434156296
2,41,0.251678960749
2,42,0.0458395443754
2,43,0.68297277034
2,44,0.592799858887
2,45,0.856841333858
2,46,0.392747487659
2,47,0.221283879556
2,48,0.514392573842
2,49,0.399237703305
2,50,0.0
2,51,0.0
2,52,0.0
2,53,0.0
2,54,0.0
2,55,0.0
2,56,0.0
2,57,0.0
2,58,0.0
2,59,0.0
2,60,0.0
2,61,0.0
2,62,0.0
2,63,0.0
2,64,0.0
2,65,0.0
2,66,0.0
2,67,0.0
2,68,0.0
2,69,0.0
2,70,0.0
2,71,0.0
2,72,0.0
2,73,0.0
2,74,0.0
2,75,0.0
2,76,0.0
2,77,0.0
2,78,0.0
2,79,0.0
2,80,0.0
2,81,0.0
2,82,0.0
2,83,0.0
2,84,0.0
2,85,0.0
2,86,0.0
2,87,0.0
2,88,0.0
2,89,0.0
2,90,0.0
2,91,0.0
2,92,0.0
2,93,0.0
2,94,0.0
2,95,0.0
2,96,0.0
2,97,0.0
2,98,0.0
2,99,0.0
2,100,0.0
2,101,0.0
2,102,0.0
2,103,0.0
2,104,0.0
2,105,0.0
2,106,0.0
2,107,0.0
2,108,0.0
2,109,0.0
2,110,0.0
2,111,0.0
2,112,0.0
2,113,0.0
2,114,0.0
2,115,0.0
2,116,0.0
2,117,0.0
2,118,0.0
2,119,0.0
2,120,0.0
2,121,0.0
2,122,0.0
2,123,0.0
2,124,0.0
2,125,0.0
2,126,0.0
2,127,0.0
2,128,0.0
2,129,0.0
2,130,0.0
2,131,0.0
2,132,0.0
2,133,0.0
2,134,0.0
2,135,0.0
2,136,0.0
2,137,0.0
2,138,0.0
2,139,0.0
2,140,0.0
2,141,0.0
2,142,0.0
2,143,0.0
2,144,0.0
2,145,0.0
2,146,0.0
2,147,0.0
2,148,0.0
2,149,0.0
3,0,0.567039678429
3,1,0.798009552377
3,2,0.425953659881
3,3,1.0
3,4,0.125061334639
3,5,0.950441431936
3,6,0.417503377336
3,7,0.342503779681
3,8,0.29088527224
3,9,0.963061487346
3,10,0.563606328654
3,11,0.604994024671
3,12,0.600564826476
3,13,0.115228581226
3,14,0.90055424887
3,15,0.249827105294
3,16,0.875933528075
3,17,0.905797952883
3,18,0.786331070763
3,19,0.548567603148
3,20,0.650722578461
3,21,0.960870579647
3,22,0.6184028378
3,23,0.916765598183
3,24,0.610806329228
3,25,0.575665698933
3,26,0.990790493194
3,27,0.615701473458
3,28,0.354192289006
3,29,0.345595117281
3,30,0.4149598465
3,31,0.915119978455
3,32,0.632157988365
3,33,0.845697085629
3,34,0.950775571556
3,35,0.879108799679
3,36,0.588114406943
3,37,0.831698037196
3,38,0.93676291987
3,39,0.529845025901
3,40,0.62624670543
3,41,0.632408332693
3,42,0.499971497119
3,43,0.704566705397
3,44,0.475645347755
3,45,0.233949108096
3,46,0.510857126487
3,47,0.849220748782
3,48,0.64707784495
3,49,0.907907775181
3,50,0.0
3,51,0.0
3,52,0.0
3,53,0.0
3,54,0.0
3,55,0.0
3,56,0.0
3,57,0.0
3,58,0.0
3,59,0.0
3,60,0.0
3,61,0.0
3,62,0.0
3,63,0.0
3,64,0.0
3,65,0.0
3,66,0.0
3,67,0.0
3,68,0.0
3,69,0.0
3,70,0.0
3,71,0.0
3,72,0.0
3,73,0.0
3,74,0.0
3,75,0.0
3,76,0.0
3,77,0.0
3,78,0.0
3,79,0.0
3,80,0.0
3,81,0.0
3,82,0.0
3,83,0.0
3,84,0.0
3,85,0.0
3,86,0.0
3,87,0.00511712020109
3,88,0.0
3,89,0.0
3,90,0.0
3,91,0.0
3,92,0.0
3,93,0.0
3,94,0.0
3,95,0.0
3,96,0.0
3,97,0.0
3,98,0.0
3,99,0.0
3,100,0.0
3,101,0.0
3,102,0.0
3,103,0.0
3,104,0.0
3,105,0.0
3,106,0.0
3,107,0.0
3,108,0.0
3,109,0.0
3,110,0.0
3,111,0.0
3,112,0.0
3,113,0.0
3,114,0.0
3,115,0.0
3,116,0.0
3,117,0.0
3,118,0.0
3,119,0.0
3,120,0.0
3,121,0.00757293332783
3,122,0.0
3,123,0.0
3,124,0.0
3,125,0.0
3,126,0.0
3,127,0.00396247809703
3,128,0.0
3,129,0.0
3,130,0.0
3,131,0.0
3,132,0.0
3,133,0.0
3,134,0.0
3,135,0.0
3,136,0.0
3,137,0.0
3,138,0.0
3,139,0.0
3,140,0.0
3,141,0.0
3,142,0.0111401534578
3,143,0.0
3,144,0.0
3,145,0.0
3,146,0.0
3,147,0.0
3,148,0.0
3,149,0.0
4,0,0.0304010340053
4,1,0.0701048115839
4,2,0.397644038903
4,3,0.125061334639
4,4,1.0
4,5,0.0879863509132
4,6,0.772891631684
4,7,0.769151353597
4,8,0.0660596236668
4,9,0.166905973775
4,10,0.0269082260786
4,11,0.467393717411
4,12,0.319554855286
4,13,0.0
4,14,0.0444388109221
4,15,0.737476528353
4,16,0.278128875723
4,17,0.0743363115694
4,18,0.4041182336
4,19,0.624454354394
4,20,0.0185064785546
4,21,0.11839849557
4,22,0.496740809052
4,23,0.0490140917718
4,24,0.570611126687
4,25,0.0450735169414
4,26,0.119941130013
4,27,0.416772749911
4,28,0.533917169416
4,29,0.759177876194
4,30,0.298359234899
4,31,0.212599922175
4,32,0.399435290592
4,33,0.13452588679
4,34,0.149337573192
4,35,0.103248603528
4,36,0.36758060756
4,37,0.246012209062
4,38,0.215063735943
4,39,0.659053551011
4,40,0.011019982903
4,41,0.0203173716325
4,42,0.00939337324051
4,43,0.110947184396
4,44,0.702784314116
4,45,0.663901969305
4,46,0.534146630418
4,47,0.105921251275
4,48,0.493192285584
4,49,0.212082272033
4,50,0.0
4,51,0.0
4,52,0.0
4,53,0.0
4,54,0.0
4,55,0.0
4,56,0.0
4,57,0.0
4,58,0.0
4,59,0.0
4,60,0.0
4,61,0.0
4,62,0.0
4,63,0.0
4,64,0.0
4,65,0.0
4,66,0.0
4,67,0.00438309485607
4,68,0.0
4,69,0.0
4,70,0.0
4,71,0.0
4,72,0.0
4,73,0.0
4,74,0.0
4,75,0.0
4,76,0.0
4,77,0.0
4,78,0.0
4,79,0.0
4,80,0.0
4,81,0.0
4,82,0.0
4,83,0.0
4,84,0.0
4,85,0.0
4,86,0.0
4,87,0.0
4,88,0.0
4,89,0.0
4,90,0.0
4,91,0.0
4,92,0.0
4,93,0.0
4,94,0.0
4,95,0.0
4,96,0.00798006891907
4,97,0.0
4,98,0.0
4,99,0.0
4,100,0.0
4,101,0.0
4,102,0.0
4,103,0.0
4,104,0.0
4,105,0.0
4,106,0.0
4,107,0.0
4,108,0.0
4,109,0.0
4,110,0.0
4,111,0.0
4,112,0.0
4,113,0.0
4,114,0.0
4,115,0.0
4,116,0.0
4,117,0.0
4,118,0.0
4,119,0.0
4,120,0.0
4,121,0.0
4,122,0.0
4,123,0.0
4,124,0.0
4,125,0.0
4,126,0.0
4,127,0.0
4,128,0.0
4,129,0.0
4,130,0.0
4,131,0.0
4,132,0.0
4,133,0.0
4,134,0.0
4,135,0.0
4,136,0.0
4,137,0.0
4,138,0.0
4,139,0.0
4,140,0.0
4,141,0.0
4,142,0.0
4,143,0.0
4,144,0.0
4,145,0.0
4,146,0.0
4,147,0.0
4,148,0.0
4,149,0.0
5,0,0.434250100403
5,1,0.934772973537
5,2,0.274718578079
5,3,0.950441431936
5,4,0.0879863509132
5,5,1.0
5,6,0.328350248691
5,7,0.237908762238
5,8,0.409682082814
5,9,0.952113803478
5,10,0.437692680737
5,11,0.443129594585
5,12,0.62969367171
5,13,0.100184041807
5,14,0.925565399729
5,15,0.159054528349
5,16,0.832161817876
5,17,0.992093501343
5,18,0.678442453156
5,19,0.465842686648
5,20,0.584976518495
5,21,0.990214631811
5,22,0.464113335703
5,23,0.923643592423
5,24,0.518655092094
5,25,0.756311302674
5,26,0.908544895927
5,27,0.602103823828
5,28,0.226478101298
5,29,0.297802950956
5,30,0.4625558493
5,31,0.903168161735
5,32,0.621620848595
5,33,0.927177807349
5,34,0.966842583736
5,35,0.968596844259
5,36,0.412568495208
5,37,0.84023505288
5,38,0.804157562027
5,39,0.422339708612
5,40,0.706645685099
5,41,0.546096583712
5,42,0.668553106116
5,43,0.520974976473
5,44,0.393405017588
5,45,0.143549737056
5,46,0.480791984343
5,47,0.948885706334
5,48,0.585966817634
5,49,0.901632156994
5,50,0.0
5,51,0.0
5,52,0.0
5,53,0.0
5,54,0.0
5,55,0.0
5,56,0.0
5,57,0.0
5,58,0.0
5,59,0.0
5,60,0.0
5,61,0.0
5,62,0.0
5,63,0.0
5,64,0.0
5,65,0.0
5,66,0.0
5,67,0.0
5,68,0.0
5,69,0.0
5,70,0.0
5,71,0.0
5,72,0.0
5,73,0.0
5,74,0.0
5,75,0.0
5,76,0.0
5,77,0.0
5,78,0.0
5,79,0.0
5,80,0.0
5,81,0.0
5,82,0.0
5,83,0.0
5,84,0.0
5,85,0.0
5,86,0.0
5,87,0.0115361815582
5,88,0.0
5,89,0.0
5,90,0.0
5,91,0.0
5,92,0.0
5,93,0.0
5,94,0.0
5,95,0.0
5,96,0.00581409592296
5,97,0.0
5,98,0.0
5,99,0.0
5,100,0.0
5,101,0.0
5,102,0.0
5,103,0.0
5,104,0.0
5,105,0.0
5,106,0.0
5,107,0.0
5,108,0.0
5,109,0.0
5,110,0.0
5,111,0.0
5,112,0.0
5,113,0.0
5,114,0.0
5,115,0.0
5,116,0.0
5,117,0.0
5,118,0.0
5,119,0.0
5,120,0.0
5,121,0.0145775738476
5,122,0.0
5,123,0.0
5,124,0.0
5,125,0.0
5,126,0.0
5,127,0.00825168478478
5,128,0.0
5,129,0.0
5,130,0.0
5,131,0.0
5,132,0.0
5,133,0.0
5,134,0.0
5,135,0.0
5,136,0.0
5,137,0.0
5,138,0.00659981867036
5,139,0.0
5,140,0.0
5,141,0.0
5,142,0.0213700850293
5,143,0.0
5,144,0.0
5,145,0.0
5,146,0.0
5,147,0.0
5,148,0.0
5,149,0.00588318064371
6,0,0.134115057985
6,1,0.268416129595
6,2,0.643429120548
6,3,0.417503377336
6,4,0.772891631684
6,5,0.328350248691
6,6,1.0
6,7,0.922656367751
6,8,0.184292111685
6,9,0.498947066397
6,10,0.123698953047
6,11,0.814796400467
6,12,0.650032098454
6,13,0.00498836035452
6,14,0.205942845962
6,15,0.799738977447
6,16,0.672075541773
6,17,0.290058435125
6,18,0.820788639164
6,19,0.961509912005
6,20,0.102864511997
6,21,0.399544643451
6,22,0.855779145997
6,23,0.220611852699
6,24,0.940940222793
6,25,0.181047293167
6,26,0.40394694787
6,27,0.776103462082
6,28,0.73120670026
6,29,0.931564215311
6,30,0.549075122586
6,31,0.574052695744
6,32,0.762092022233
6,33,0.417281589178
6,34,0.462832838409
6,35,0.355921496933
6,36,0.68760178056
6,37,0.61187942239
6,38,0.577458974011
6,39,0.97972525018
6,40,0.0735045309134
6,41,0.107951710819
6,42,0.061976455557
6,43,0.336007199071
6,44,0.986712654892
6,45,0.72799390599
6,46,0.853150840117
6,47,0.357946108374
6,48,0.876673190192
6,49,0.571815948353
6,50,0.0
6,51,0.0
6,52,0.0
6,53,0.0
6,54,0.0
6,55,0.0
6,56,0.0
6,57,0.0
6,58,0.0
6,59,0.0
6,60,0.0
6,61,0.0
6,62,0.0
6,63,0.0
6,64,0.0
6,65,0.0
6,66,0.0
6,67,0.00513329206582
6,68,0.0
6,69,0.0
6,70,0.0
6,71,0.0
6,72,0.0
6,73,0.0
6,74,0.0
6,75,0.0
6,76,0.0
6,77,0.0
6,78,0.0
6,79,0.0
6,80,0.0
6,81,0.0
6,82,0.0
6,83,0.0
6,84,0.0
6,85,0.0
6,86,0.0
6,87,0.0
6,88,0.0
6,89,0.0
6,90,0.0
6,91,0.0
6,92,0.0
6,93,0.0
6,94,0.0
6,95,0.0
6,96,0.00987272181719
6,97,0.0
6,98,0.0
6,99,0.0
6,100,0.0
6,101,0.0
6,102,0.0
6,103,0.0
6,104,0.0
6,105,0.0
6,106,0.0
6,107,0.0
6,108,0.0
6,109,0.0
6,110,0.0
6,111,0.0
6,112,0.0
6,113,0.0
6,114,0.0
6,115,0.0
6,116,0.0
6,117,0.0
6,118,0.0
6,119,0.0
6,120,0.0
6,121,0.0
6,122,0.0
6,123,0.0
6,124,0.0
6,125,0.0
6,126,0.0
6,127,0.0
6,128,0.0
6,129,0.0
6,130,0.0
6,131,0.0
6,132,0.0
6,133,0.0
6,134,0.0
6,135,0.0
6,136,0.0
6,137,0.0
6,138,0.0
6,139,0.0
6,140,0.0
6,141,0.0
6,142,0.0
6,143,0.0
6,144,0.0
6,145,0.0
6,146,0.0
6,147,0.0
6,148,0.0
6,149,0.0
7,0,0.155055612496
7,1,0.168183280417
7,2,0.809534892213
7,3,0.342503779681
7,4,0.769151353597
7,5,0.237908762238
7,6,0.922656367751
7,7,1.0
7,8,0.085132021835
7,9,0.380979833374
7,10,0.141154075712
7,11,0.868861931363
7,12,0.431099592456
7,13,0.00556516619227
7,14,0.159379035905
7,15,0.963315901537
7,16,0.524931089053
7,17,0.200116626143
7,18,0.713609963847
7,19,0.818991484835
7,20,0.0986126179203
7,21,0.293388769486
7,22,0.880595326384
7,23,0.174739107517
7,24,0.810051040559
7,25,0.097430274849
7,26,0.348777286971
7,27,0.559420909811
7,28,0.907471811811
7,29,0.750842950465
7,30,0.329325222171
7,31,0.432551980266
7,32,0.547158028963
7,33,0.277529282671
7,34,0.341713871143
7,35,0.238941557219
7,36,0.787054715912
7,37,0.440721304201
7,38,0.527770256293
7,39,0.906367921217
7,40,0.0528366440951
7,41,0.108685567957
7,42,0.0351254535374
7,43,0.384958021785
7,44,0.859553386124
7,45,0.924628135222
7,46,0.633478292741
7,47,0.23494028049
7,48,0.698166914062
7,49,0.427066657594
7,50,0.0
7,51,0.0
7,52,0.0
7,53,0.0
7,54,0.0
7,55,0.0
7,56,0.0
7,57,0.0
7,58,0.0
7,59,0.0
7,60,0.0
7,61,0.0
7,62,0.0
7,63,0.0
7,64,0.0
7,65,0.0
7,66,0.0
7,67,0.0
7,68,0.0
7,69,0.0
7,70,0.0
7,71,0.0
7,72,0.0
7,73,0.0
7,74,0.0
7,75,0.0
7,76,0.0
7,77,0.0
7,78,0.0
7,79,0.0
7,80,0.0
7,81,0.0
7,82,0.0
7,83,0.0
7,84,0.0
7,85,0.0
7,86,0.0
7,87,0.0
7,88,0.0
7,89,0.0
7,90,0.0
7,91,0.0
7,92,0.0
7,93,0.0
7,94,0.0
7,95,0.0
7,96,0.0
7,97,0.0
7,98,0.0
7,99,0.0
7,100,0.0
7,101,0.0
7,102,0.0
7,103,0.0
7,104,0.0
7,105,0.0
7,106,0.0
7,107,0.0
7,108,0.0
7,109,0.0
7,110,0.0
7,111,0.0
7,112,0.0
7,113,0.0
7,114,0.0
7,115,0.0
7,116,0.0
7,117,0.0
7,118,0.0
7,119,0.0
7,120,0.0
7,121,0.0
7,122,0.0
7,123,0.0
7,124,0.0
7,125,0.0
7,126,0.0
7,127,0.0
7,128,0.0
7,129,0.0
7,130,0.0
7,131,0.0
7,132,0.0
7,133,0.0
7,134,0.0
7,135,0.0
7,136,0.0
7,137,0.0
7,138,0.0
7,139,0.0
7,140,0.0
7,141,0.0
7,142,0.0
7,143,0.0
7,144,0.0
7,145,0.0
7,146,0.0
7,147,0.0
7,148,0.0
7,149,0.0
8,0,0.0321229249011
8,1,0.601112974455
8,2,0.0439995946128
8,3,0.29088527224
8,4,0.0660596236668
8,5,0.409682082814
8,6,0.184292111685
8,7,0.085132021835
8,8,1.0
8,9,0.414153100012
8,10,0.0323734193848
8,11,0.113079893522
8,12,0.651574992013
8,13,0.0
8,14,0.243364351383
8,15,0.0447038755983
8,16,0.419883873651
8,17,0.455693494661
8,18,0.288681834389
8,19,0.283396708186
8,20,0.0628867814912
8,21,0.431384305322
8,22,0.134827330532
8,23,0.232005971343
8,24,0.283561777708
8,25,0.762782260058
8,26,0.232856161959
8,27,0.519693060669
8,28,0.0451854649329
8,29,0.27556251344
8,30,0.739740301958
8,31,0.456533173679
8,32,0.529901708066
8,33,0.610954655713
8,34,0.452321248778
8,35,0.554148297567
8,36,0.0774677258159
8,37,0.536886608794
8,38,0.216739049233
8,39,0.20316776692
8,40,0.161744044084
8,41,0.0523895565274
8,42,0.338160445866
8,43,0.0588798513498
8,44,0.244850477431
8,45,0.0335013778203
8,46,0.442054977541
8,47,0.596975578989
8,48,0.382583431835
8,49,0.469947692003
8,50,0.0108639772017
8,51,0.0179656262249
8,52,0.0
8,53,0.0
8,54,0.0329317938164
8,55,0.012481032447
8,56,0.0
8,57,0.0
8,58,0.0740679990871
8,59,0.0124205868134
8,60,0.0
8,61,0.0
8,62,0.0
8,63,0.00672540238453
8,64,0.00411766954878
8,65,0.0174145621453
8,66,0.0041559758277
8,67,0.104352968464
8,68,0.0
8,69,0.0
8,70,0.00488967126967
8,71,0.0
8,72,0.0369402874511
8,73,0.0
8,74,0.0
8,75,0.0
8,76,0.00904677775343
8,77,0.0
8,78,0.0
8,79,0.00437154864698
8,80,0.0
8,81,0.0
8,82,0.00459189822685
8,83,0.0
8,84,0.0
8,85,0.0
8,86,0.0
8,87,0.240886144502
8,88,0.0307159846759
8,89,0.0
8,90,0.0190864852012
8,91,0.0
8,92,0.109480722726
8,93,0.0
8,94,0.0169713426531
8,95,0.0
8,96,0.160110691967
8,97,0.0170497264061
8,98,0.00686352498783
8,99,0.0
8,100,0.0
8,101,0.0
8,102,0.0
8,103,0.0
8,104,0.0
8,105,0.0
8,106,0.0
8,107,0.0
8,108,0.0
8,109,0.0
8,110,0.0
8,111,0.0
8,112,0.0
8,113,0.0
8,114,0.0
8,115,0.0
8,116,0.0
8,117,0.0
8,118,0.0
8,119,0.0
8,120,0.0
8,121,0.003942544281
8,122,0.0
8,123,0.0
8,124,0.0
8,125,0.0
8,126,0.0
8,127,0.0
8,128,0.0
8,129,0.0
8,130,0.0
8,131,0.0
8,132,0.0
8,133,0.0
8,134,0.0
8,135,0.0
8,136,0.0
8,137,0.0
8,138,0.0
8,139,0.0
8,140,0.0
8,141,0.0
8,142,0.00675698633896
8,143,0.0
8,144,0.0
8,145,0.0
8,146,0.0
8,147,0.0
8,148,0.0
8,149,0.0160944182459
9,0,0.410638623703
9,1,0.863875613837
9,2,0.396766879846
9,3,0.963061487346
9,4,0.166905973775
9,5,0.952113803478
9,6,0.498947066397
9,7,0.380979833374
9,8,0.414153100012
9,9,1.0
9,10,0.406238330566
9,11,0.607229472648
9,12,0.760424821157
9,13,0.064723600007
9,14,0.813245982586
9,15,0.269236558472
9,16,0.956777592523
9,17,0.921428270146
9,18,0.849771566122
9,19,0.652061367827
9,20,0.490706693107
9,21,0.984358092553
9,22,0.636068204848
9,23,0.823884052805
9,24,0.706811535469
9,25,0.671633127617
9,26,0.923528903703
9,27,0.762371890195
9,28,0.349674880355
9,29,0.454280083862
9,30,0.574361517849
9,31,0.987377511785
9,32,0.778862559695
9,33,0.941738480262
9,34,0.996064784634
9,35,0.943195419674
9,36,0.554383488083
9,37,0.944464628967
9,38,0.904004840584
9,39,0.606378629696
9,40,0.529363834958
9,41,0.469701863293
9,42,0.487469679865
9,43,0.574336348361
9,44,0.573667638926
9,45,0.243589761705
9,46,0.650970856315
9,47,0.928802879701
9,48,0.766323877493
9,49,0.985135016971
9,50,0.0
9,51,0.0
9,52,0.0
9,53,0.0
9,54,0.0
9,55,0.0
9,56,0.0
9,57,0.0
9,58,0.0
9,59,0.0
9,60,0.0
9,61,0.0
9,62,0.0
9,63,0.0
9,64,0.0
9,65,0.0
9,66,0.0
9,67,0.0
9,68,0.0
9,69,0.0
9,70,0.0
9,71,0.0
9,72,0.0
9,73,0.0
9,74,0.0
9,75,0.0
9,76,0.0
9,77,0.0
9,78,0.0
9,79,0.0
9,80,0.0
9,81,0.0
9,82,0.0
9,83,0.0
9,84,0.0
9,85,0.0
9,86,0.0
9,87,0.0106834157678
9,88,0.0
9,89,0.0
9,90,0.0
9,91,0.0
9,92,0.0
9,93,0.0
9,94,0.0
9,95,0.0
9,96,0.00770632450889
9,97,0.0
9,98,0.0
9,99,0.0
9,100,0.0
9,101,0.0
9,102,0.0
9,103,0.0
9,104,0.0
9,105,0.0
9,106,0.0
9,107,0.0
9,108,0.0
9,109,0.0
9,110,0.0
9,111,0.0
9,112,0.0
9,113,0.0
9,114,0.0
9,115,0.0
9,116,0.0
9,117,0.0
9,118,0.0
9,119,0.0
9,120,0.0
9,121,0.00558460743867
9,122,0.0
9,123,0.0
9,124,0.0
9,125,0.0
9,126,0.0
9,127,0.0
9,128,0.0
9,129,0.0
9,130,0.0
9,131,0.0
9,132,0.0
9,133,0.0
9,134,0.0
9,135,0.0
9,136,0.0
9,137,0.0
9,138,0.0
9,139,0.0
9,140,0.0
9,141,0.0
9,142,0.00855447817685
9,143,0.0
9,144,0.0
9,145,0.0
9,146,0.0
9,147,0.0
9,148,0.0
9,149,0.0
10,0,0.998189466217
10,1,0.261567490816
10,2,0.343565105313
10,3,0.563606328654
10,4,0.0269082260786
10,5,0.437692680737
10,6,0.123698953047
10,7,0.141154075712
10,8,0.0323734193848
10,9,0.406238330566
10,10,1.0
10,11,0.346557766013
10,12,0.121393791154
10,13,0.458993906649
10,14,0.606533425517
10,15,0.121509633381
10,16,0.316834244791
10,17,0.385424252233
10,18,0.313560020334
10,19,0.157927960323
10,20,0.89904682695
10,21,0.414222752943
10,22,0.320081882322
10,23,0.635908561261
10,24,0.193304156412
10,25,0.134950893677
10,26,0.640649599506
10,27,0.140604457365
10,28,0.23399728476
10,29,0.0691581050129
10,30,0.0589915433252
10,31,0.337562682494
10,32,0.146413762924
10,33,0.261458078137
10,34,0.381927688376
10,35,0.308911106347
10,36,0.431701950366
10,37,0.252490995205
10,38,0.558407837858
10,39,0.18133632278
10,40,0.502399687884
10,41,0.945159449341
10,42,0.218246496253
10,43,0.835298561767
10,44,0.132238672571
10,45,0.131450766023
10,46,0.107978482778
10,47,0.276451428733
10,48,0.181339720701
10,49,0.327048211149
10,50,0.0
10,51,0.0
10,52,0.0
10,53,0.0
10,54,0.0
10,55,0.0
10,56,0.0
10,57,0.0
10,58,0.0
10,59,0.0
10,60,0.0
10,61,0.0
10,62,0.0
10,63,0.0
10,64,0.0
10,65,0.0
10,66,0.0
10,67,0.0
10,68,0.0
10,69,0.0
10,70,0.0
10,71,0.0
10,72,0.0
10,73,0.0
10,74,0.0
10,75,0.0
10,76,0.0
10,77,0.0
10,78,0.0
10,79,0.0
10,80,0.0
10,81,0.0
10,82,0.0
10,83,0.0
10,84,0.0
10,85,0.0
10,86,0.0
10,87,0.0
10,88,0.0
10,89,0.0
10,90,0.0
10,91,0.0
10,92,0.0
10,93,0.0
10,94,0.0
10,95,0.0
10,96,0.0
10,97,0.0
10,98,0.0
10,99,0.0
10,100,0.0
10,101,0.0
10,102,0.0
10,103,0.0
10,104,0.0
10,105,0.0
10,106,0.0
10,107,0.0
10,108,0.0
10,109,0.0
10,110,0.0
10,111,0.0
10,112,0.0
10,113,0.0
10,114,0.0
10,115,0.0
10,116,0.0
10,117,0.0
10,118,0.0
10,119,0.0
10,120,0.0
10,121,0.00705280362079
10,122,0.0
10,123,0.0
10,124,0.0
10,125,0.0
10,126,0.0
10,127,0.0
10,128,0.0
10,129,0.0
10,130,0.0
10,131,0.0
10,132,0.0
10,133,0.0
10,134,0.0
10,135,0.0
10,136,0.0
10,137,0.0
10,138,0.0
10,139,0.0
10,140,0.0
10,141,0.0
10,142,0.00901546685951
10,143,0.0
10,144,0.0
10,145,0.0
10,146,0.0
10,147,0.0
10,148,0.0
10,149,0.0
11,0,0.370149240372
11,1,0.307711758181
11,2,0.918535611982
11,3,0.604994024671
11,4,0.467393717411
11,5,0.443129594585
11,6,0.814796400467
11,7,0.868861931363
11,8,0.113079893522
11,9,0.607229472648
11,10,0.346557766013
11,11,1.0
11,12,0.493891385603
11,13,0.0264725876049
11,14,0.356226030665
11,15,0.796311793814
11,16,0.715399199929
11,17,0.380803048585
11,18,0.875608484426
11,19,0.80914841718
11,20,0.267584294812
11,21,0.507808679947
11,22,0.995210945067
11,23,0.384242360638
11,24,0.845622282244
11,25,0.1777919395
11,26,0.628456648076
11,27,0.612107164708
11,28,0.903372068455
11,29,0.614983554234
11,30,0.340586164968
11,31,0.635725908452
11,32,0.609264548495
11,33,0.439085791126
11,34,0.555023984515
11,35,0.410746793009
11,36,0.973542415826
11,37,0.601329087426
11,38,0.811753579022
11,39,0.890518892282
11,40,0.152998175439
11,41,0.288560708218
11,42,0.0948770046346
11,43,0.688003742373
11,44,0.796046477259
11,45,0.781440564537
11,46,0.621243567898
11,47,0.395478829836
11,48,0.75646592567
11,49,0.62553230447
11,50,0.0
11,51,0.0
11,52,0.0
11,53,0.0
11,54,0.0
11,55,0.0
11,56,0.0
11,57,0.0
11,58,0.0
11,59,0.0
11,60,0.0
11,61,0.0
11,62,0.0
11,63,0.0
11,64,0.0
11,65,0.0
11,66,0.0
11,67,0.0
11,68,0.0
11,69,0.0
11,70,0.0
11,71,0.0
11,72,0.0
11,73,0.0
11,74,0.0
11,75,0.0
11,76,0.0
11,77,0.0
11,78,0.0
11,79,0.0
11,80,0.0
11,81,0.0
11,82,0.0
11,83,0.0
11,84,0.0
11,85,0.0
11,86,0.0
11,87,0.0
11,88,0.0
11,89,0.0
11,90,0.0
11,91,0.0
11,92,0.0
11,93,0.0
11,94,0.0
11,95,0.0
11,96,0.0
11,97,0.0
11,98,0.0
11,99,0.0
11,100,0.0
11,101,0.0
11,102,0.0
11,103,0.0
11,104,0.0
11,105,0.0
11,106,0.0
11,107,0.0
11,108,0.0
11,109,0.0
11,110,0.0
11,111,0.0
11,112,0.0
11,113,0.0
11,114,0.0
11,115,0.0
11,116,0.0
11,117,0.0
11,118,0.0
11,119,0.0
11,120,0.0
11,121,0.0
11,122,0.0
11,123,0.0
11,124,0.0
11,125,0.0
11,126,0.0
11,127,0.0
11,128,0.0
11,129,0.0
11,130,0.0
11,131,0.0
11,132,0.0
11,133,0.0
11,134,0.0
11,135,0.0
11,136,0.0
11,137,0.0
11,138,0.0
11,139,0.0
11,140,0.0
11,141,0.0
11,142,0.0
11,143,0.0
11,144,0.0
11,145,0.0
11,146,0.0
11,147,0.0
11,148,0.0
11,149,0.0
12,0,0.125377230187
12,1,0.675360146198
12,2,0.278371753154
12,3,0.600564826476
12,4,0.319554855286
12,5,0.62969367171
12,6,0.650032098454
12,7,0.431099592456
12,8,0.651574992013
12,9,0.760424821157
12,10,0.121393791154
12,11,0.493891385603
12,12,1.0
12,13,0.00875672134193
12,14,0.402251265231
12,15,0.291488804417
12,16,0.862642054871
12,17,0.623327131876
12,18,0.783383640917
12,19,0.801338017931
12,20,0.154291974988
12,21,0.703158791031
12,22,0.548293204936
12,23,0.406247536074
12,24,0.803041987338
12,25,0.613310522765
12,26,0.533943518625
12,27,0.976214219731
12,28,0.292225736319
12,29,0.743327525527
12,30,0.947419807139
12,31,0.840808871124
12,32,0.979900596525
12,33,0.829650281284
12,34,0.765326994496
12,35,0.743186127329
12,36,0.384379955517
12,37,0.922069759829
12,38,0.600115992206
12,39,0.690837033924
12,40,0.204886073066
12,41,0.144455474878
12,42,0.260695524697
12,43,0.252799113253
12,44,0.746515141432
12,45,0.243380985929
12,46,0.926103330966
12,47,0.768154409865
12,48,0.898973384805
12,49,0.849917223704
12,50,0.0
12,51,0.0
12,52,0.0
12,53,0.0
12,54,0.00867071918169
12,55,0.0
12,56,0.0
12,57,0.0
12,58,0.00756209333691
12,59,0.0
12,60,0.0
12,61,0.0
12,62,0.0
12,63,0.0
12,64,0.0
12,65,0.0
12,66,0.0
12,67,0.0278722283174
12,68,0.0
12,69,0.0
12,70,0.0
12,71,0.0
12,72,0.0
12,73,0.0
12,74,0.0
12,75,0.0
12,76,0.0
12,77,0.0
12,78,0.0
12,79,0.0
12,80,0.0
12,81,0.0
12,82,0.0
12,83,0.0
12,84,0.0
12,85,0.0
12,86,0.0
12,87,0.0396676532569
12,88,0.0
12,89,0.0
12,90,0.0
12,91,0.0
12,92,0.0181465784755
12,93,0.0
12,94,0.0
12,95,0.0
12,96,0.0488935178426
12,97,0.0
12,98,0.0
12,99,0.0
12,100,0.0
12,101,0.0
12,102,0.0
12,103,0.0
12,104,0.0
12,105,0.0
12,106,0.0
12,107,0.0
12,108,0.0
12,109,0.0
12,110,0.0
12,111,0.0
12,112,0.0
12,113,0.0
12,114,0.0
12,115,0.0
12,116,0.0
12,117,0.0
12,118,0.0
12,119,0.0
12,120,0.0
12,121,0.0
12,122,0.0
12,123,0.0
12,124,0.0
12,125,0.0
12,126,0.0
12,127,0.0
12,128,0.0
12,129,0.0
12,130,0.0
12,131,0.0
12,132,0.0
12,133,0.0
12,134,0.0
12,135,0.0
12,136,0.0
12,137,0.0
12,138,0.0
12,139,0.0
12,140,0.0
12,141,0.0
12,142,0.0
12,143,0.0
12,144,0.0
12,145,0.0
12,146,0.0
12,147,0.0
12,148,0.0
12,149,0.0
13,0,0.429361477447
13,1,0.0565907622426
13,2,0.0257905338887
13,3,0.115228581226
13,4,0.0
13,5,0.100184041807
13,6,0.00498836035452
13,7,0.00556516619227
13,8,0.0
13,9,0.064723600007
13,10,0.458993906649
13,11,0.0264725876049
13,12,0.00875672134193
13,13,1.0
13,14,0.214776275811
13,15,0.00430386305113
13,16,0.0349712094461
13,17,0.0923445541447
13,18,0.0273039962404
13,19,0.00823363239506
13,20,0.513620365658
13,21,0.0798530681127
13,22,0.0233406698598
13,23,0.217178862768
13,24,0.011487395141
13,25,0.0285877900117
13,26,0.137960708403
13,27,0.00917489830186
13,28,0.0128847130592
13,29,0.0
13,30,0.0
13,31,0.0443629697972
13,32,0.00995287858358
13,33,0.0403877050817
13,34,0.0634113577889
13,35,0.0580857573878
13,36,0.0393572894684
13,37,0.0277247329689
13,38,0.0832499946016
13,39,0.0094067993068
13,40,0.325263022536
13,41,0.515383876463
13,42,0.117163856702
13,43,0.181392200657
13,44,0.00593226577098
13,45,0.00493099027522
13,46,0.00545819911056
13,47,0.0493626242812
13,48,0.0116758135782
13,49,0.0426007759922
13,50,0.0
13,51,0.0
13,52,0.0
13,53,0.0
13,54,0.0
13,55,0.0
13,56,0.0
13,57,0.0
13,58,0.0
13,59,0.0
13,60,0.0
13,61,0.0
13,62,0.0
13,63,0.0
13,64,0.0
13,65,0.0
13,66,0.0
13,67,0.0
13,68,0.0
13,69,0.0
13,70,0.0
13,71,0.0
13,72,0.0
13,73,0.0
13,74,0.0
13,75,0.0
13,76,0.0
13,77,0.0
13,78,0.0
13,79,0.0
13,80,0.0
13,81,0.0
13,82,0.0
13,83,0.0
13,84,0.0
13,85,0.0
13,86,0.0
13,87,0.0
13,88,0.0
13,89,0.0
13,90,0.0
13,91,0.0
13,92,0.0
13,93,0.0
13,94,0.0
13,95,0.0
13,96,0.0
13,97,0.0
13,98,0.0
13,99,0.0
13,100,0.00891455012404
13,101,0.0
13,102,0.0
13,103,0.0
13,104,0.0
13,105,0.0
13,106,0.0
13,107,0.0
13,108,0.0
13,109,0.0
13,110,0.0
13,111,0.0
13,112,0.0
13,113,0.0
13,114,0.0
13,115,0.0
13,116,0.0
13,117,0.0
13,118,0.0120319384643
13,119,0.0
13,120,0.0
13,121,0.0442539105562
13,122,0.00457397657331
13,123,0.0
13,124,0.0
13,125,0.0
13,126,0.0
13,127,0.0230908840727
13,128,0.0
13,129,0.0
13,130,0.0
13,131,0.0
13,132,0.0
13,133,0.0
13,134,0.0
13,135,0.0
13,136,0.0
13,137,0.0
13,138,0.0106251636944
13,139,0.0
13,140,0.0
13,141,0.0
13,142,0.0459416109743
13,143,0.0
13,144,0.0
13,145,0.0
13,146,0.0
13,147,0.0
13,148,0.0
13,149,0.0
14,0,0.594149295804
14,1,0.797519611229
14,2,0.236698556285
14,3,0.90055424887
14,4,0.0444388109221
14,5,0.925565399729
14,6,0.205942845962
14,7,0.159379035905
14,8,0.243364351383
14,9,0.813245982586
14,10,0.606533425517
14,11,0.356226030665
14,12,0.402251265231
14,13,0.214776275811
14,14,1.0
14,15,0.10835166887
14,16,0.646343039066
14,17,0.910095491259
14,18,0.51661328133
14,19,0.30340630254
14,20,0.798125864601
14,21,0.877741780416
14,22,0.362307129786
14,23,0.997981523877
14,24,0.352403178379
14,25,0.598986348462
14,26,0.894089654335
14,27,0.387984568767
14,28,0.177451335652
14,29,0.166420680979
14,30,0.262809104142
14,31,0.725673565898
14,32,0.404567813188
14,33,0.737724561163
14,34,0.823106789005
14,35,0.81879969844
14,36,0.36019771865
14,37,0.628341853425
14,38,0.730620873605
14,39,0.285066433581
14,40,0.878034920231
14,41,0.751558902097
14,42,0.70751608313
14,43,0.583582023134
14,44,0.247912200574
14,45,0.101808040837
14,46,0.291810755835
14,47,0.782361269949
14,48,0.393379483776
14,49,0.719724670725
14,50,0.0
14,51,0.0
14,52,0.0
14,53,0.0
14,54,0.0
14,55,0.0
14,56,0.0
14,57,0.0
14,58,0.0
14,59,0.0
14,60,0.0
14,61,0.0
14,62,0.0
14,63,0.0
14,64,0.0
14,65,0.0
14,66,0.0
14,67,0.0
14,68,0.0
14,69,0.0
14,70,0.0
14,71,0.0
14,72,0.0
14,73,0.0
14,74,0.0
14,75,0.0
14,76,0.0
14,77,0.0
14,78,0.0
14,79,0.0
14,80,0.0
14,81,0.0
14,82,0.0
14,83,0.0
14,84,0.0
14,85,0.0
14,86,0.0
14,87,0.00448167605018
14,88,0.0
14,89,0.0
14,90,0.0
14,91,0.0
14,92,0.0
14,93,0.0
14,94,0.0
14,95,0.0
14,96,0.0
14,97,0.0
14,98,0.0
14,99,0.0
14,100,0.00550088332593
14,101,0.0
14,102,0.0
14,103,0.0
14,104,0.0
14,105,0.0
14,106,0.0
14,107,0.0
14,108,0.0
14,109,0.0
14,110,0.0
14,111,0.0
14,112,0.0
14,113,0.0
14,114,0.0
14,115,0.0
14,116,0.0
14,117,0.0
14,118,0.0
14,119,0.0
14,120,0.0
14,121,0.0275308881073
14,122,0.0
14,123,0.0
14,124,0.0
14,125,0.0
14,126,0.0
14,127,0.0154949520522
14,128,0.0
14,129,0.0
14,130,0.0
14,131,0.0
14,132,0.0
14,133,0.0
14,134,0.0
14,135,0.0
14,136,0.0
14,137,0.0
14,138,0.0112920656078
14,139,0.0
14,140,0.0
14,141,0.0
14,142,0.0378136097274
14,143,0.0
14,144,0.0
14,145,0.0
14,146,0.0
14,147,0.0
14,148,0.0
14,149,0.00622739785671
15,0,0.135132516376
15,1,0.102686056039
15,2,0.826674140278
15,3,0.249827105294
15,4,0.737476528353
15,5,0.159054528349
15,6,0.799738977447
15,7,0.963315901537
15,8,0.0447038755983
15,9,0.269236558472
15,10,0.121509633381
15,11,0.796311793814
15,12,0.291488804417
15,13,0.00430386305113
15,14,0.10835166887
15,15,1.0
15,16,0.384746687906
15,17,0.129259544011
15,18,0.568581354
15,19,0.663866673252
15,20,0.0748526673231
15,21,0.199879748548
15,22,0.790821004438
15,23,0.120851821794
15,24,0.656041273009
15,25,0.0539734890447
15,26,0.262162460863
15,27,0.401602560722
15,28,0.935578933231
15,29,0.603065803753
15,30,0.211779952005
15,31,0.306554441271
15,32,0.390845719382
15,33,0.179682553694
15,34,0.235705970601
15,35,0.15383079913
15,36,0.747302303485
15,37,0.306609428238
15,38,0.42067861756
15,39,0.775293955539
15,40,0.0330374913771
15,41,0.0853937483608
15,42,0.0190406108907
15,43,0.347349604444
15,44,0.713296754923
15,45,0.989974111028
15,46,0.470676932675
15,47,0.149519800733
15,48,0.535060978974
15,49,0.301094664972
15,50,0.0
15,51,0.0
15,52,0.0
15,53,0.0
15,54,0.0
15,55,0.0
15,56,0.0
15,57,0.0
15,58,0.0
15,59,0.0
15,60,0.0
15,61,0.0
15,62,0.0
15,63,0.0
15,64,0.0
15,65,0.0
15,66,0.0
15,67,0.0
15,68,0.0
15,69,0.0
15,70,0.0
15,71,0.0
15,72,0.0
15,73,0.0
15,74,0.0
15,75,0.0
15,76,0.0
15,77,0.0
15,78,0.0
15,79,0.0
15,80,0.0
15,81,0.0
15,82,0.0
15,83,0.0
15,84,0.0
15,85,0.0
15,86,0.0
15,87,0.0
15,88,0.0
15,89,0.0
15,90,0.0
15,91,0.0
15,92,0.0
15,93,0.0
15,94,0.0
15,95,0.0
15,96,0.0
15,97,0.0
15,98,0.0
15,99,0.0
15,100,0.0
15,101,0.0
15,102,0.0
15,103,0.0
15,104,0.0
15,105,0.0
15,106,0.0
15,107,0.0
15,108,0.0
15,109,0.0
15,110,0.0
15,111,0.0
15,112,0.0
15,113,0.0
15,114,0.0
15,115,0.0
15,116,0.0
15,117,0.0
15,118,0.0
15,119,0.0
15,120,0.0
15,121,0.0
15,122,0.0
15,123,0.0
15,124,0.0
15,125,0.0
15,126,0.0
15,127,0.0
15,128,0.0
15,129,0.0
15,130,0.0
15,131,0.0
15,132,0.0
15,133,0.0
15,134,0.0
15,135,0.0
15,136,0.0
15,137,0.0
15,138,0.0
15,139,0.0
15,140,0.0
15,141,0.0
15,142,0.0
15,143,0.0
15,144,0.0
15,145,0.0
15,146,0.0
15,147,0.0
15,148,0.0
15,149,0.0
16,0,0.325630363889
16,1,0.753169905442
16,2,0.477804468106
16,3,0.875933528075
16,4,0.278128875723
16,5,0.832161817876
16,6,0.672075541773
16,7,0.524931089053
16,8,0.419883873651
16,9,0.956777592523
16,10,0.316834244791
16,11,0.715399199929
16,12,0.862642054871
16,13,0.0349712094461
16,14,0.646343039066
16,15,0.384746687906
16,16,1.0
16,17,0.79257538151
16,18,0.949768120086
16,19,0.819966160047
16,20,0.356829613945
16,21,0.896924147407
16,22,0.754658727893
16,23,0.662020598146
16,24,0.862981455476
16,25,0.578884226612
16,26,0.834419943523
16,27,0.893380371761
16,28,0.452111973624
16,29,0.630593362636
16,30,0.683583000232
16,31,0.986842306425
16,32,0.903621890433
16,33,0.894167660276
16,34,0.940441002205
16,35,0.856126510517
16,36,0.631451416883
16,37,0.979734311886
16,38,0.895686253679
16,39,0.770246352049
16,40,0.362400890778
16,41,0.347130401599
16,42,0.339853438298
16,43,0.533944519754
16,44,0.749031649412
16,45,0.345420238624
16,46,0.81242044464
16,47,0.851256400189
16,48,0.910566540982
16,49,0.985709917104
16,50,0.0
16,51,0.0
16,52,0.0
16,53,0.0
16,54,0.0
16,55,0.0
16,56,0.0
16,57,0.0
16,58,0.0
16,59,0.0
16,60,0.0
16,61,0.0
16,62,0.0
16,63,0.0
16,64,0.0
16,65,0.0
16,66,0.0
16,67,0.00572660598299
16,68,0.0
16,69,0.0
16,70,0.0
16,71,0.0
16,72,0.0
16,73,0.0
16,74,0.0
16,75,0.0
16,76,0.0
16,77,0.0
16,78,0.0
16,79,0.0
16,80,0.0
16,81,0.0
16,82,0.0
16,83,0.0
16,84,0.0
16,85,0.0
16,86,0.0
16,87,0.0112331348728
16,88,0.0
16,89,0.0
16,90,0.0
16,91,0.0
16,92,0.0
16,93,0.0
16,94,0.0
16,95,0.0
16,96,0.0113116646505
16,97,0.0
16,98,0.0
16,99,0.0
16,100,0.0
16,101,0.0
16,102,0.0
16,103,0.0
16,104,0.0
16,105,0.0
16,106,0.0
16,107,0.0
16,108,0.0
16,109,0.0
16,110,0.0
16,111,0.0
16,112,0.0
16,113,0.0
16,114,0.0
16,115,0.0
16,116,0.0
16,117,0.0
16,118,0.0
16,119,0.0
16,120,0.0
16,121,0.0
16,122,0.0
16,123,0.0
16,124,0.0
16,125,0.0
16,126,0.0
16,127,0.0
16,128,0.0
16,129,0.0
16,130,0.0
16,131,0.0
16,132,0.0
16,133,0.0
16,134,0.0
16,135,0.0
16,136,0.0
16,137,0.0
16,138,0.0
16,139,0.0
16,140,0.0
16,141,0.0
16,142,0.0
16,143,0.0
16,144,0.0
16,145,0.0
16,146,0.0
16,147,0.0
16,148,0.0
16,149,0.0
17,0,0.380273668518
17,1,0.967445426851
17,2,0.224523975545
17,3,0.905797952883
17,4,0.0743363115694
17,5,0.992093501343
17,6,0.290058435125
17,7,0.200116626143
17,8,0.455693494661
17,9,0.921428270146
17,10,0.385424252233
17,11,0.380803048585
17,12,0.623327131876
17,13,0.0923445541447
17,14,0.910095491259
17,15,0.129259544011
17,16,0.79257538151
17,17,1.0
17,18,0.621976703147
17,19,0.4242429062
17,20,0.54580723222
17,21,0.974256737783
17,22,0.40266895383
17,23,0.901075232408
17,24,0.472370479694
17,25,0.818965076581
17,26,0.853753954219
17,27,0.579815089034
17,28,0.184427927902
17,29,0.27268735408
17,30,0.46898083265
17,31,0.873344744427
17,32,0.599933112622
17,33,0.934624691842
17,34,0.946171171128
17,35,0.978429184091
17,36,0.348602518314
17,37,0.819899135684
17,38,0.736053864268
17,39,0.375139300948
17,40,0.72122459577
17,41,0.501494006176
17,42,0.729493480354
17,43,0.449724131418
17,44,0.354527940949
17,45,0.114978823344
17,46,0.455963101577
17,47,0.963798624663
17,48,0.547421212396
17,49,0.873991494246
17,50,0.0
17,51,0.0
17,52,0.0
17,53,0.0
17,54,0.0
17,55,0.0
17,56,0.0
17,57,0.0
17,58,0.0
17,59,0.0
17,60,0.0
17,61,0.0
17,62,0.0
17,63,0.0
17,64,0.0
17,65,0.0
17,66,0.0
17,67,0.0
17,68,0.0
17,69,0.0
17,70,0.0
17,71,0.0
17,72,0.0
17,73,0.0
17,74,0.0
17,75,0.0
17,76,0.0
17,77,0.0
17,78,0.0
17,79,0.0
17,80,0.0
17,81,0.0
17,82,0.0
17,83,0.0
17,84,0.0
17,85,0.0
17,86,0.0
17,87,0.0154422494503
17,88,0.0
17,89,0.0
17,90,0.0
17,91,0.0
17,92,0.0
17,93,0.0
17,94,0.0
17,95,0.0
17,96,0.00713850829776
17,97,0.0
17,98,0.0
17,99,0.0
17,100,0.0
17,101,0.0
17,102,0.0
17,103,0.0
17,104,0.0
17,105,0.0
17,106,0.0
17,107,0.0
17,108,0.0
17,109,0.0
17,110,0.0
17,111,0.0
17,112,0.0
17,113,0.0
17,114,0.0
17,115,0.0
17,116,0.0
17,117,0.0
17,118,0.0
17,119,0.0
17,120,0.0
17,121,0.0183976135681
17,122,0.0
17,123,0.0
17,124,0.0
17,125,0.0
17,126,0.0
17,127,0.0107430665885
17,128,0.0
17,129,0.0
17,130,0.0
17,131,0.0
17,132,0.0
17,133,0.0
17,134,0.0
17,135,0.0
17,136,0.0
17,137,0.0
17,138,0.00889423283714
17,139,0.0
17,140,0.0
17,141,0.0
17,142,0.0269290784064
17,143,0.0
17,144,0.0
17,145,0.0
17,146,0.0
17,147,0.0
17,148,0.0
17,149,0.00859678671216
18,0,0.328028171632
18,1,0.56357799481
18,2,0.652337906466
18,3,0.786331070763
18,4,0.4041182336
18,5,0.678442453156
18,6,0.820788639164
18,7,0.713609963847
18,8,0.288681834389
18,9,0.849771566122
18,10,0.313560020334
18,11,0.875608484426
18,12,0.783383640917
18,13,0.0273039962404
18,14,0.51661328133
18,15,0.568581354
18,16,0.949768120086
18,17,0.621976703147
18,18,1.0
18,19,0.91676695748
18,20,0.305856661073
18,21,0.755898878544
18,22,0.908645590735
18,23,0.539913942869
18,24,0.953516288093
18,25,0.393823171986
18,26,0.768497457361
18,27,0.868478289882
18,28,0.639531082161
18,29,0.725264457098
18,30,0.603030915538
18,31,0.893236031995
18,32,0.871093260518
18,33,0.729644234067
18,34,0.812516585505
18,35,0.683360505069
18,36,0.78884164432
18,37,0.883751994892
18,38,0.901943355532
18,39,0.909004568507
18,40,0.253365841568
18,41,0.309155728425
18,42,0.209326323801
18,43,0.589584766999
18,44,0.868136992538
18,45,0.523922127406
18,46,0.834963786571
18,47,0.674613493338
18,48,0.945850475816
18,49,0.888250075259
18,50,0.0
18,51,0.0
18,52,0.0
18,53,0.0
18,54,0.0
18,55,0.0
18,56,0.0
18,57,0.0
18,58,0.0
18,59,0.0
18,60,0.0
18,61,0.0
18,62,0.0
18,63,0.0
18,64,0.0
18,65,0.0
18,66,0.0
18,67,0.0
18,68,0.0
18,69,0.0
18,70,0.0
18,71,0.0
18,72,0.0
18,73,0.0
18,74,0.0
18,75,0.0
18,76,0.0
18,77,0.0
18,78,0.0
18,79,0.0
18,80,0.0
18,81,0.0
18,82,0.0
18,83,0.0
18,84,0.0
18,85,0.0
18,86,0.0
18,87,0.00540582162505
18,88,0.0
18,89,0.0
18,90,0.0
18,91,0.0
18,92,0.0
18,93,0.0
18,94,0.0
18,95,0.0
18,96,0.00738830079773
18,97,0.0
18,98,0.0
18,99,0.0
18,100,0.0
18,101,0.0
18,102,0.0
18,103,0.0
18,104,0.0
18,105,0.0
18,106,0.0
18,107,0.0
18,108,0.0
18,109,0.0
18,110,0.0
18,111,0.0
18,112,0.0
18,113,0.0
18,114,0.0
18,115,0.0
18,116,0.0
18,117,0.0
18,118,0.0
18,119,0.0
18,120,0.0
18,121,0.0
18,122,0.0
18,123,0.0
18,124,0.0
18,125,0.0
18,126,0.0
18,127,0.0
18,128,0.0
18,129,0.0
18,130,0.0
18,131,0.0
18,132,0.0
18,133,0.0
18,134,0.0
18,135,0.0
18,136,0.0
18,137,0.0
18,138,0.0
18,139,0.0
18,140,0.0
18,141,0.0
18,142,0.0
18,143,0.0
18,144,0.0
18,145,0.0
18,146,0.0
18,147,0.0
18,148,0.0
18,149,0.0
19,0,0.168429927036
19,1,0.40436456873
19,2,0.589130615857
19,3,0.548567603148
19,4,0.624454354394
19,5,0.465842686648
19,6,0.961509912005
19,7,0.818991484835
19,8,0.283396708186
19,9,0.652061367827
19,10,0.157927960323
19,11,0.80914841718
19,12,0.801338017931
19,13,0.00823363239506
19,14,0.30340630254
19,15,0.663866673252
19,16,0.819966160047
19,17,0.4242429062
19,18,0.91676695748
19,19,1.0
19,20,0.147661446735
19,21,0.548187663917
19,22,0.858023873246
19,23,0.319627885109
19,24,0.994027290019
19,25,0.292178969993
19,26,0.52229929237
19,27,0.905232915118
19,28,0.641653597807
19,29,0.926658782344
19,30,0.682302241242
19,31,0.732326216704
19,32,0.896330795168
19,33,0.579407627825
19,34,0.618610000067
19,35,0.507549549631
19,36,0.678989215446
19,37,0.77513344264
19,38,0.685745400428
19,39,0.979017999483
19,40,0.123370848677
19,41,0.150294156002
