0,0,1.0
0,1,0.457800905365
0,2,0.0123568
0,3,0.0502913641763
0,4,0.0358707590259
0,5,0.324184412241
0,6,0.0239849948563
0,7,0.0127133672823
0,8,0.163090368558
0,9,0.0653293050089
0,10,0.0
0,11,0.00620788975471
0,12,0.00421209572467
0,13,0.0542886253319
0,14,0.125997973905
0,15,0.0982167156261
0,16,0.0
0,17,0.0366168408144
0,18,0.112503682079
0,19,0.0
0,20,0.0692366152634
0,21,0.336275964872
0,22,0.0427217782222
0,23,0.344645756547
0,24,0.0625288047454
0,25,0.203219429124
0,26,0.030590686574
0,27,0.0211670002482
0,28,0.0116986534971
0,29,0.196656874246
0,30,0.408614936723
0,31,0.0
0,32,0.0271252386948
0,33,0.22211335809
0,34,0.061322492423
0,35,0.0
0,36,0.0264619531056
0,37,0.0127552230054
0,38,0.0950363168023
0,39,0.383981707295
0,40,0.0
0,41,0.0128054564656
0,42,0.0102393199322
0,43,0.0854682104661
0,44,0.124694983705
0,45,0.0426346678636
0,46,0.592157136805
0,47,0.0755547543819
0,48,0.0147698358705
0,49,0.0204641300984
0,50,0.0
0,51,0.0162059922449
0,52,0.0
0,53,0.0
0,54,0.0
0,55,0.0
0,56,0.0
0,57,0.0
0,58,0.0
0,59,0.00966048175551
0,60,0.0
0,61,0.0
0,62,0.0
0,63,0.0
0,64,0.00715492761028
0,65,0.0
0,66,0.0
0,67,0.0
0,68,0.0
0,69,0.0
0,70,0.0
0,71,0.0
0,72,0.0
0,73,0.0
0,74,0.0
0,75,0.0
0,76,0.0
0,77,0.0
0,78,0.00687583310449
0,79,0.0
0,80,0.0
0,81,0.0
0,82,0.0
0,83,0.0
0,84,0.0
0,85,0.0
0,86,0.0
0,87,0.0
0,88,0.0
0,89,0.0
0,90,0.0
0,91,0.0
0,92,0.0165746553377
0,93,0.0
0,94,0.0
0,95,0.0
0,96,0.0
0,97,0.0
0,98,0.0
0,99,0.0
0,100,0.0
0,101,0.0
0,102,0.0
0,103,0.0
0,104,0.0
0,105,0.0
0,106,0.0
0,107,0.0
0,108,0.0
0,109,0.0
0,110,0.0
0,111,0.0
0,112,0.0
0,113,0.0
0,114,0.0
0,115,0.0
0,116,0.0
0,117,0.0
0,118,0.0
0,119,0.0
0,120,0.0
0,121,0.0
0,122,0.0
0,123,0.0
0,124,0.0
0,125,0.0
0,126,0.0
0,127,0.0
0,128,0.0
0,129,0.0
0,130,0.0
0,131,0.0
0,132,0.0
0,133,0.0
0,134,0.0
0,135,0.0
0,136,0.0
0,137,0.0
0,138,0.0
0,139,0.0
0,140,0.0
0,141,0.0
0,142,0.0
0,143,0.0
0,144,0.0
0,145,0.0
0,146,0.0
0,147,0.0
0,148,0.0
0,149,0.0
1,0,0.457800905365
1,1,1.0
1,2,0.214765228053
1,3,0.475696783871
1,4,0.352142384164
1,5,0.716402121456
1,6,0.333512500033
1,7,0.179407261802
1,8,0.800965340667
1,9,0.554336752591
1,10,0.0365159967772
1,11,0.0822296080717
1,12,0.0733290285791
1,13,0.484718003489
1,14,0.667144996063
1,15,0.606794156557
1,16,0.0668229463454
1,17,0.416370649054
1,18,0.559429546379
1,19,0.0401881458774
1,20,0.377084746748
1,21,0.360542510467
1,22,0.151624237715
1,23,0.900635162429
1,24,0.342394230766
1,25,0.334366512458
1,26,0.300897691108
1,27,0.260208030181
1,28,0.21501332982
1,29,0.615220894001
1,30,0.835659483949
1,31,0.0
1,32,0.355808773871
1,33,0.822758702502
1,34,0.499919294815
1,35,0.00638549005894
1,36,0.350877614707
1,37,0.110237334154
1,38,0.603660344328
1,39,0.552066310763
1,40,0.013196732868
1,41,0.154614137815
1,42,0.116901021258
1,43,0.354946462177
1,44,0.593675680645
1,45,0.0946193098603
1,46,0.635782630377
1,47,0.580817465238
1,48,0.253802598111
1,49,0.302556442893
1,50,0.0
1,51,0.0279853098424
1,52,0.0
1,53,0.0
1,54,0.0
1,55,0.0
1,56,0.0
1,57,0.0
1,58,0.0
1,59,0.045424677444
1,60,0.0
1,61,0.0
1,62,0.0
1,63,0.0
1,64,0.0105556518215
1,65,0.0
1,66,0.0
1,67,0.0
1,68,0.0160122994816
1,69,0.0
1,70,0.0
1,71,0.0
1,72,0.0
1,73,0.00492277425319
1,74,0.0
1,75,0.0
1,76,0.0
1,77,0.0
1,78,0.0275843488747
1,79,0.0
1,80,0.0
1,81,0.0
1,82,0.0
1,83,0.0
1,84,0.0
1,85,0.0
1,86,0.0
1,87,0.0
1,88,0.0
1,89,0.0
1,90,0.0
1,91,0.0
1,92,0.00667200587726
1,93,0.0
1,94,0.0
1,95,0.00548637385487
1,96,0.0
1,97,0.0
1,98,0.0
1,99,0.0
1,100,0.0
1,101,0.0
1,102,0.0
1,103,0.0
1,104,0.0
1,105,0.0
1,106,0.0
1,107,0.0
1,108,0.0
1,109,0.0
1,110,0.0
1,111,0.0
1,112,0.0
1,113,0.0
1,114,0.0
1,115,0.0
1,116,0.0
1,117,0.0
1,118,0.0
1,119,0.0
1,120,0.0
1,121,0.0
1,122,0.0
1,123,0.0
1,124,0.0
1,125,0.0
1,126,0.0
1,127,0.0
1,128,0.0
1,129,0.0
1,130,0.0
1,131,0.0
1,132,0.0
1,133,0.0
1,134,0.0
1,135,0.0
1,136,0.0
1,137,0.0
1,138,0.0
1,139,0.0
1,140,0.0
1,141,0.0
1,142,0.0
1,143,0.0
1,144,0.0
1,145,0.0
1,146,0.0
1,147,0.0
1,148,0.0
1,149,0.0
2,0,0.0123568
2,1,0.214765228053
2,2,1.0
2,3,0.864059093394
2,4,0.876846960209
2,5,0.248653556211
2,6,0.865173808988
2,7,0.85676314429
2,8,0.461807738942
2,9,0.737220112906
2,10,0.254952745247
2,11,0.510448054391
2,12,0.605192556559
2,13,0.858599100495
2,14,0.636263069927
2,15,0.710050134735
2,16,0.625033383198
2,17,0.847009430096
2,18,0.58181612381
2,19,0.708850271037
2,20,0.535905915091
2,21,0.0634457972615
2,22,0.183122613
2,23,0.31418612761
2,24,0.51175872598
2,25,0.11330963693
2,26,0.82975485299
2,27,0.915612916719
2,28,0.987013365542
2,29,0.363920766385
2,30,0.230943766369
2,31,0.251939063846
2,32,0.874089559327
2,33,0.462755417276
2,34,0.831687032117
2,35,0.146372596676
2,36,0.772811745625
2,37,0.406493955171
2,38,0.722542952577
2,39,0.122799228779
2,40,0.0561783095275
2,41,0.698200444167
2,42,0.558512947321
2,43,0.384283496861
2,44,0.568191554883
2,45,0.0713908773451
2,46,0.0821363625112
2,47,0.567952962127
2,48,0.912287976408
2,49,0.723313359101
2,50,0.0
2,51,0.0200710729209
2,52,0.0
2,53,0.00555282392397
2,54,0.0
2,55,0.0
2,56,0.0
2,57,0.0
2,58,0.0
2,59,0.106319277041
2,60,0.0
2,61,0.0
2,62,0.0
2,63,0.0
2,64,0.00742371067832
2,65,0.0
2,66,0.0
2,67,0.0
2,68,0.210384305995
2,69,0.0
2,70,0.00659625674058
2,71,0.0
2,72,0.0
2,73,0.00786666668313
2,74,0.0
2,75,0.0
2,76,0.0
2,77,0.0
2,78,0.0594510855636
2,79,0.0
2,80,0.0
2,81,0.0
2,82,0.0
2,83,0.0
2,84,0.0
2,85,0.0
2,86,0.023261871586
2,87,0.0
2,88,0.0
2,89,0.0
2,90,0.0
2,91,0.0
2,92,0.0
2,93,0.00624950505626
2,94,0.0
2,95,0.0106859402417
2,96,0.0
2,97,0.0
2,98,0.0
2,99,0.0
2,100,0.0
2,101,0.0
2,102,0.0
2,103,0.0
2,104,0.0
2,105,0.0
2,106,0.0
2,107,0.0
2,108,0.0
2,109,0.0
2,110,0.0
2,111,0.0
2,112,0.0
2,113,0.0
2,114,0.0
2,115,0.0
2,116,0.00828216269829
2,117,0.0
2,118,0.0
2,119,0.0
2,120,0.0
2,121,0.0
2,122,0.0
2,123,0.0
2,124,0.0
2,125,0.0
2,126,0.0
2,127,0.0
2,128,0.0
2,129,0.0
2,130,0.0
2,131,0.0
2,132,0.0
2,133,0.0
2,134,0.0
2,135,0.0
2,136,0.0
2,137,0.0
2,138,0.0
2,139,0.0
2,140,0.0
2,141,0.0
2,142,0.0
2,143,0.0
2,144,0.0
2,145,0.0
2,146,0.0
2,147,0.0
2,148,0.0
2,149,0.0
3,0,0.0502913641763
3,1,0.475696783871
3,2,0.864059093394
3,3,1.0
3,4,0.895985498772
3,5,0.452426775818
3,6,0.918862741077
3,7,0.708637286334
3,8,0.773753333865
3,9,0.95393540174
3,10,0.175052155472
3,11,0.374991632991
3,12,0.412807638295
3,13,0.99485911855
3,14,0.87619191643
3,15,0.920884407223
3,16,0.412008442427
3,17,0.963294184779
3,18,0.765307170372
3,19,0.398767727813
3,20,0.62858267844
3,21,0.136217689124
3,22,0.214569561114
3,23,0.58593427837
3,24,0.58838342713
3,25,0.198644853282
3,26,0.813076770245
3,27,0.84055257834
3,28,0.865554777634
3,29,0.56142618584
3,30,0.456054853879
3,31,0.0888082927335
3,32,0.940682497327
3,33,0.748861234008
3,34,0.974752023164
3,35,0.0694031937797
3,36,0.871607550173
3,37,0.346003598108
3,38,0.932479923521
3,39,0.250769620477
3,40,0.0427181552395
3,41,0.576477064174
3,42,0.446509699546
3,43,0.483063624773
3,44,0.768174581618
3,45,0.0942818433551
3,46,0.200434215193
3,47,0.82152800141
3,48,0.875733701673
3,49,0.802406204846
3,50,0.0
3,51,0.0260061977516
3,52,0.0
3,53,0.0
3,54,0.0
3,55,0.0
3,56,0.0
3,57,0.0
3,58,0.0
3,59,0.0991053266342
3,60,0.0
3,61,0.0
3,62,0.0
3,63,0.0
3,64,0.00945658083803
3,65,0.0
3,66,0.0
3,67,0.0
3,68,0.118837666408
3,69,0.0
3,70,0.00472206319544
3,71,0.0
3,72,0.0
3,73,0.00773886161849
3,74,0.0
3,75,0.0
3,76,0.0
3,77,0.0
3,78,0.055905800071
3,79,0.0
3,80,0.0
3,81,0.0
3,82,0.0
3,83,0.0
3,84,0.0
3,85,0.0
3,86,0.0115215890007
3,87,0.0
3,88,0.0
3,89,0.0
3,90,0.0
3,91,0.0
3,92,0.0
3,93,0.0060027178216
3,94,0.0
3,95,0.00994661533517
3,96,0.0
3,97,0.0
3,98,0.0
3,99,0.0
3,100,0.0
3,101,0.0
3,102,0.0
3,103,0.0
3,104,0.0
3,105,0.0
3,106,0.0
3,107,0.0
3,108,0.0
3,109,0.0
3,110,0.0
3,111,0.0
3,112,0.0
3,113,0.0
3,114,0.0
3,115,0.0
3,116,0.0
3,117,0.0
3,118,0.0
3,119,0.0
3,120,0.0
3,121,0.0
3,122,0.0
3,123,0.0
3,124,0.0
3,125,0.0
3,126,0.0
3,127,0.0
3,128,0.0
3,129,0.0
3,130,0.0
3,131,0.0
3,132,0.0
3,133,0.0
3,134,0.0
3,135,0.0
3,136,0.0
3,137,0.0
3,138,0.0
3,139,0.0
3,140,0.0
3,141,0.0
3,142,0.0
3,143,0.0
3,144,0.0
3,145,0.0
3,146,0.0
3,147,0.0
3,148,0.0
3,149,0.0
4,0,0.0358707590259
4,1,0.352142384164
4,2,0.876846960209
4,3,0.895985498772
4,4,1.0
4,5,0.490851399615
4,6,0.731452768841
4,7,0.917090959188
4,8,0.543268519833
4,9,0.742781689488
4,10,0.376096189009
4,11,0.644172821724
4,12,0.669466552034
4,13,0.92861733513
4,14,0.858681913367
4,15,0.905637948421
4,16,0.658474009498
4,17,0.778310514131
4,18,0.8612269323
4,19,0.536052206692
4,20,0.829746735969
4,21,0.182972774671
4,22,0.391349850024
4,23,0.533753400836
4,24,0.804893634515
4,25,0.289518255494
4,26,0.98483394288
4,27,0.980550263195
4,28,0.817876773939
4,29,0.651506824317
4,30,0.445632378142
4,31,0.136395050588
4,32,0.762026628625
4,33,0.696151602863
4,34,0.952216829039
4,35,0.175890365478
4,36,0.638049389
4,37,0.610995429377
4,38,0.906997562463
4,39,0.298592377748
4,40,0.121325549204
4,41,0.841571391108
4,42,0.724793770145
4,43,0.680963807911
4,44,0.845702410482
4,45,0.192796573732
4,46,0.208509200413
4,47,0.552008266221
4,48,0.727133319664
4,49,0.559411434853
4,50,0.0
4,51,0.0666729000891
4,52,0.00425148393079
4,53,0.0144161609216
4,54,0.0
4,55,0.0
4,56,0.0
4,57,0.00599406788615
4,58,0.0
4,59,0.230634841385
4,60,0.0
4,61,0.0
4,62,0.0
4,63,0.00419388744619
4,64,0.0282226695462
4,65,0.0
4,66,0.0
4,67,0.0
4,68,0.27557589743
4,69,0.0
4,70,0.0187794805476
4,71,0.0
4,72,0.0
4,73,0.0263765800428
4,74,0.0
4,75,0.0
4,76,0.0
4,77,0.0
4,78,0.144024586008
4,79,0.0
4,80,0.00438847276153
4,81,0.0
4,82,0.00738962415212
4,83,0.0
4,84,0.0
4,85,0.0
4,86,0.0418309279304
4,87,0.0
4,88,0.0
4,89,0.0
4,90,0.0
4,91,0.0
4,92,0.00457670669716
4,93,0.0213227003915
4,94,0.0
4,95,0.0334049955359
4,96,0.0
4,97,0.0
4,98,0.00710666188619
4,99,0.0
4,100,0.0
4,101,0.0
4,102,0.0
4,103,0.0
4,104,0.0
4,105,0.0
4,106,0.0
4,107,0.0
4,108,0.0
4,109,0.0
4,110,0.0
4,111,0.0
4,112,0.0
4,113,0.0
4,114,0.0
4,115,0.0
4,116,0.00456598563325
4,117,0.0
4,118,0.0
4,119,0.0
4,120,0.0
4,121,0.0
4,122,0.0
4,123,0.0
4,124,0.0
4,125,0.0
4,126,0.0
4,127,0.0
4,128,0.0
4,129,0.0
4,130,0.0
4,131,0.0
4,132,0.0
4,133,0.0
4,134,0.0
4,135,0.0
4,136,0.0
4,137,0.0
4,138,0.0
4,139,0.0
4,140,0.0
4,141,0.0
4,142,0.0
4,143,0.0
4,144,0.0
4,145,0.0
4,146,0.0
4,147,0.0
4,148,0.0
4,149,0.0
5,0,0.324184412241
5,1,0.716402121456
5,2,0.248653556211
5,3,0.452426775818
5,4,0.490851399615
5,5,1.0
5,6,0.254648439116
5,7,0.3198500919
5,8,0.508928501813
5,9,0.414158729327
5,10,0.158729402937
5,11,0.240888313885
5,12,0.192471782614
5,13,0.49612969895
5,14,0.756842294069
5,15,0.688953099058
5,16,0.170334111785
5,17,0.328521968428
5,18,0.809664691599
5,19,0.0740688040118
5,20,0.718870194663
5,21,0.748949744729
5,22,0.515802121449
5,23,0.92123671595
5,24,0.694563608335
5,25,0.789340941423
5,26,0.483794380059
5,27,0.388825747335
5,28,0.2193640319
5,29,0.954448884498
5,30,0.974268034739
5,31,0.00687076742578
5,32,0.280649203243
5,33,0.861611862897
5,34,0.555731450254
5,35,0.0360862985231
5,36,0.231808947115
5,37,0.343835230515
5,38,0.671706115863
5,39,0.919901947419
5,40,0.0954518622183
5,41,0.341992095082
5,42,0.311788306534
5,43,0.765973542741
5,44,0.828177914739
5,45,0.399371970097
5,46,0.845239575797
5,47,0.336603513944
5,48,0.207086792613
5,49,0.182877534949
5,50,0.0
5,51,0.176807919257
5,52,0.0172969856148
5,53,0.0109435980998
5,54,0.0
5,55,0.0
5,56,0.0
5,57,0.0120789052527
5,58,0.0
5,59,0.234217900489
5,60,0.00863759651474
5,61,0.0
5,62,0.0054950128869
5,63,0.0041356883826
5,64,0.0874195435153
5,65,0.0130945990566
5,66,0.0
5,67,0.0
5,68,0.0784088495191
5,69,0.0103809089411
5,70,0.0196834712928
5,71,0.0
5,72,0.0
5,73,0.0505264493715
5,74,0.0
5,75,0.0
5,76,0.0
5,77,0.0
5,78,0.170777602281
5,79,0.0
5,80,0.00658881412728
5,81,0.0
5,82,0.00810695746354
5,83,0.0
5,84,0.0
5,85,0.0
5,86,0.0153253034021
5,87,0.0
5,88,0.0
5,89,0.0
5,90,0.0
5,91,0.0
5,92,0.0488556550719
5,93,0.0405793158538
5,94,0.0
5,95,0.0545693534379
5,96,0.0
5,97,0.015141404833
5,98,0.0191736539297
5,99,0.0
5,100,0.0
5,101,0.0
5,102,0.0
5,103,0.0
5,104,0.0
5,105,0.0
5,106,0.0
5,107,0.0
5,108,0.0
5,109,0.0
5,110,0.0
5,111,0.0
5,112,0.0
5,113,0.0
5,114,0.0
5,115,0.0
5,116,0.0
5,117,0.0
5,118,0.0
5,119,0.0
5,120,0.0
5,121,0.0
5,122,0.0
5,123,0.0
5,124,0.0
5,125,0.0
5,126,0.0
5,127,0.0
5,128,0.0
5,129,0.0
5,130,0.0
5,131,0.0
5,132,0.0
5,133,0.0
5,134,0.0
5,135,0.0
5,136,0.0
5,137,0.0
5,138,0.0
5,139,0.0
5,140,0.0
5,141,0.0
5,142,0.0
5,143,0.0
5,144,0.0
5,145,0.0
5,146,0.0
5,147,0.0
5,148,0.0
5,149,0.0
6,0,0.0239849948563
6,1,0.333512500033
6,2,0.865173808988
6,3,0.918862741077
6,4,0.731452768841
6,5,0.254648439116
6,6,1.0
6,7,0.58331715752
6,8,0.690879239655
6,9,0.924683568561
6,10,0.10228058167
6,11,0.257453857852
6,12,0.314701396329
6,13,0.879292676163
6,14,0.65697644231
6,15,0.717332941201
6,16,0.325992768048
6,17,0.986261406489
6,18,0.52084000205
6,19,0.413414133578
6,20,0.399168739928
6,21,0.0560787126522
6,22,0.100957060991
6,23,0.381435213257
6,24,0.366470534039
6,25,0.087183334677
6,26,0.633200511992
6,27,0.709091448385
6,28,0.916695768977
6,29,0.332640791592
6,30,0.26737224159
6,31,0.112312639066
6,32,0.99809986511
6,33,0.527595826405
6,34,0.819342008551
6,35,0.044903691563
6,36,0.983783738787
6,37,0.209164378267
6,38,0.736340208783
6,39,0.119540798442
6,40,0.0179457409197
6,41,0.424765154823
6,42,0.304810090461
6,43,0.275113654365
6,44,0.523552014241
6,45,0.0367248530979
6,46,0.095797067007
6,47,0.845703583193
6,48,0.982661096473
6,49,0.958589009932
6,50,0.0
6,51,0.00831822061712
6,52,0.0
6,53,0.0
6,54,0.0
6,55,0.0
6,56,0.0
6,57,0.0
6,58,0.0
6,59,0.0435348406725
6,60,0.0
6,61,0.0
6,62,0.0
6,63,0.0
6,64,0.0
6,65,0.0
6,66,0.0
6,67,0.0
6,68,0.0740040226123
6,69,0.0
6,70,0.0
6,71,0.0
6,72,0.0
6,73,0.0
6,74,0.0
6,75,0.0
6,76,0.0
6,77,0.0
6,78,0.0222085760131
6,79,0.0
6,80,0.0
6,81,0.0
6,82,0.0
6,83,0.0
6,84,0.0
6,85,0.0
6,86,0.00517846344459
6,87,0.0
6,88,0.0
6,89,0.0
6,90,0.0
6,91,0.0
6,92,0.0
6,93,0.0
6,94,0.0
6,95,0.0
6,96,0.0
6,97,0.0
6,98,0.0
6,99,0.0
6,100,0.0
6,101,0.0
6,102,0.0
6,103,0.0
6,104,0.0
6,105,0.0
6,106,0.0
6,107,0.0
6,108,0.0
6,109,0.0
6,110,0.0
6,111,0.0
6,112,0.0
6,113,0.0
6,114,0.0
6,115,0.0
6,116,0.0
6,117,0.0
6,118,0.0
6,119,0.0
6,120,0.0
6,121,0.0
6,122,0.0
6,123,0.0
6,124,0.0
6,125,0.0
6,126,0.0
6,127,0.0
6,128,0.0
6,129,0.0
6,130,0.0
6,131,0.0
6,132,0.0
6,133,0.0
6,134,0.0
6,135,0.0
6,136,0.0
6,137,0.0
6,138,0.0
6,139,0.0
6,140,0.0
6,141,0.0
6,142,0.0
6,143,0.0
6,144,0.0
6,145,0.0
6,146,0.0
6,147,0.0
6,148,0.0
6,149,0.0
7,0,0.0127133672823
7,1,0.179407261802
7,2,0.85676314429
7,3,0.708637286334
7,4,0.917090959188
7,5,0.3198500919
7,6,0.58331715752
7,7,1.0
7,8,0.319063216235
7,9,0.524690155698
7,10,0.544461473354
7,11,0.829830941232
7,12,0.882169842795
7,13,0.744467993695
7,14,0.633962437681
7,15,0.692940442819
7,16,0.880433654618
7,17,0.599818611652
7,18,0.684997892367
7,19,0.739307652062
7,20,0.745168143382
7,21,0.116761048471
7,22,0.393523145848
7,23,0.322681707498
7,24,0.74033604878
7,25,0.213573770315
7,26,0.951920894249
7,27,0.971235501348
7,28,0.772946275186
7,29,0.477865505036
7,30,0.267124654666
7,31,0.257820009624
7,32,0.606774528066
7,33,0.45987847929
7,34,0.770487149685
7,35,0.333695019829
7,36,0.477416937056
7,37,0.73013180552
7,38,0.693290089083
7,39,0.188058999001
7,40,0.182505459171
7,41,0.957887770465
7,42,0.872005985359
7,43,0.601251544026
7,44,0.657086542572
7,45,0.18831881082
7,46,0.113094838931
7,47,0.347444869853
7,48,0.623672337366
7,49,0.415462866725
7,50,0.0
7,51,0.0712299274581
7,52,0.0054434384606
7,53,0.0284668760005
7,54,0.0
7,55,0.0
7,56,0.0
7,57,0.00960059913598
7,58,0.0
7,59,0.287928088241
7,60,0.00490033754945
7,61,0.0
7,62,0.0
7,63,0.00869032983033
7,64,0.0321008989307
7,65,0.0
7,66,0.0
7,67,0.00619853004353
7,68,0.458355089687
7,69,0.00473310887941
7,70,0.032880559589
7,71,0.0
7,72,0.0
7,73,0.0364548258563
7,74,0.0
7,75,0.0
7,76,0.0
7,77,0.0
7,78,0.18533602596
7,79,0.0
7,80,0.00798161527088
7,81,0.0
7,82,0.0140632544507
7,83,0.0
7,84,0.0
7,85,0.0
7,86,0.0877017646048
7,87,0.0
7,88,0.0
7,89,0.0
7,90,0.0
7,91,0.0
7,92,0.0
7,93,0.0303107242583
7,94,0.0
7,95,0.0474175608163
7,96,0.0
7,97,0.0
7,98,0.0100828451876
7,99,0.0
7,100,0.0
7,101,0.0
7,102,0.0
7,103,0.0
7,104,0.0
7,105,0.0
7,106,0.0
7,107,0.0
7,108,0.0
7,109,0.0
7,110,0.0
7,111,0.0
7,112,0.0
7,113,0.0
7,114,0.0
7,115,0.0
7,116,0.0161783961505
7,117,0.0
7,118,0.0
7,119,0.0
7,120,0.0
7,121,0.0
7,122,0.0
7,123,0.0
7,124,0.0
7,125,0.0
7,126,0.0
7,127,0.0
7,128,0.0
7,129,0.0
7,130,0.0
7,131,0.00486521499972
7,132,0.0
7,133,0.0
7,134,0.0
7,135,0.0
7,136,0.0
7,137,0.0
7,138,0.0
7,139,0.0
7,140,0.0
7,141,0.0
7,142,0.0
7,143,0.0
7,144,0.0
7,145,0.0
7,146,0.0
7,147,0.0
7,148,0.0
7,149,0.0
8,0,0.163090368558
8,1,0.800965340667
8,2,0.461807738942
8,3,0.773753333865
8,4,0.543268519833
8,5,0.508928501813
8,6,0.690879239655
8,7,0.319063216235
8,8,1.0
8,9,0.891925939941
8,10,0.0499133672821
8,11,0.128830569529
8,12,0.135202568374
8,13,0.754588248156
8,14,0.776294056997
8,15,0.764910087433
8,16,0.131188643948
8,17,0.772063596228
8,18,0.601706323785
8,19,0.117648786593
8,20,0.40366262216
8,21,0.16313162755
8,22,0.116449816667
8,23,0.740309573864
8,24,0.363268354522
8,25,0.184503836077
8,26,0.452315495766
8,27,0.445342405153
8,28,0.487483341125
8,29,0.513265492857
8,30,0.589942737957
8,31,0.0150005743482
8,32,0.710674721536
8,33,0.807197209673
8,34,0.73081938826
8,35,0.0123364768122
8,36,0.728772619159
8,37,0.136698993035
8,38,0.774961508722
8,39,0.303323964961
8,40,0.0117311519193
8,41,0.243433463526
8,42,0.172566411463
8,43,0.322371450198
8,44,0.628628848026
8,45,0.0546568077833
8,46,0.31320613169
8,47,0.931411518989
8,48,0.579617033646
8,49,0.676269064618
8,50,0.0
8,51,0.0131476789996
8,52,0.0
8,53,0.0
8,54,0.0
8,55,0.0
8,56,0.0
8,57,0.0
8,58,0.0
8,59,0.0373294547437
8,60,0.0
8,61,0.0
8,62,0.0
8,63,0.0
8,64,0.00434156796608
8,65,0.0
8,66,0.0
8,67,0.0
8,68,0.0265590916482
8,69,0.0
8,70,0.0
8,71,0.0
8,72,0.0
8,73,0.0
8,74,0.0
8,75,0.0
8,76,0.0
8,77,0.0
8,78,0.0201634165717
8,79,0.0
8,80,0.0
8,81,0.0
8,82,0.0
8,83,0.0
8,84,0.0
8,85,0.0
8,86,0.0
8,87,0.0
8,88,0.0
8,89,0.0
8,90,0.0
8,91,0.0
8,92,0.0
8,93,0.0
8,94,0.0
8,95,0.0
8,96,0.0
8,97,0.0
8,98,0.0
8,99,0.0
8,100,0.0
8,101,0.0
8,102,0.0
8,103,0.0
8,104,0.0
8,105,0.0
8,106,0.0
8,107,0.0
8,108,0.0
8,109,0.0
8,110,0.0
8,111,0.0
8,112,0.0
8,113,0.0
8,114,0.0
8,115,0.0
8,116,0.0
8,117,0.0
8,118,0.0
8,119,0.0
8,120,0.0
8,121,0.0
8,122,0.0
8,123,0.0
8,124,0.0
8,125,0.0
8,126,0.0
8,127,0.0
8,128,0.0
8,129,0.0
8,130,0.0
8,131,0.0
8,132,0.0
8,133,0.0
8,134,0.0
8,135,0.0
8,136,0.0
8,137,0.0
8,138,0.0
8,139,0.0
8,140,0.0
8,141,0.0
8,142,0.0
8,143,0.0
8,144,0.0
8,145,0.0
8,146,0.0
8,147,0.0
8,148,0.0
8,149,0.0
9,0,0.0653293050089
9,1,0.554336752591
9,2,0.737220112906
9,3,0.95393540174
9,4,0.742781689488
9,5,0.414158729327
9,6,0.924683568561
9,7,0.524690155698
9,8,0.891925939941
9,9,1.0
9,10,0.0951317508673
9,11,0.233100465466
9,12,0.262144648138
9,13,0.927797576159
9,14,0.815342971328
9,15,0.847886639268
9,16,0.262476313765
9,17,0.970953881421
9,18,0.655009442165
9,19,0.273413046005
9,20,0.484144731583
9,21,0.113388280862
9,22,0.13800484402
9,23,0.593338785193
9,24,0.442983206175
9,25,0.153443028668
9,26,0.640129921444
9,27,0.669426933642
9,28,0.770086328372
9,29,0.483364670613
9,30,0.447804492487
9,31,0.0528429490703
9,32,0.939260187125
9,33,0.734588440641
9,34,0.887751480372
9,35,0.0326094848851
9,36,0.927072953053
9,37,0.21635745067
9,38,0.863231614308
9,39,0.221630372814
9,40,0.0201675973892
9,41,0.399028750484
9,42,0.289976085565
9,43,0.362298290022
9,44,0.668188750353
9,45,0.0578881589601
9,46,0.195964393696
9,47,0.9500777574
9,48,0.848343952892
9,49,0.874898780983
9,50,0.0
9,51,0.0140390010475
9,52,0.0
9,53,0.0
9,54,0.0
9,55,0.0
9,56,0.0
9,57,0.0
9,58,0.0
9,59,0.0538408996946
9,60,0.0
9,61,0.0
9,62,0.0
9,63,0.0
9,64,0.00467910309282
9,65,0.0
9,66,0.0
9,67,0.0
9,68,0.0601718177237
9,69,0.0
9,70,0.0
9,71,0.0
9,72,0.0
9,73,0.0
9,74,0.0
9,75,0.0
9,76,0.0
9,77,0.0
9,78,0.028736036853
9,79,0.0
9,80,0.0
9,81,0.0
9,82,0.0
9,83,0.0
9,84,0.0
9,85,0.0
9,86,0.00445904606617
9,87,0.0
9,88,0.0
9,89,0.0
9,90,0.0
9,91,0.0
9,92,0.0
9,93,0.0
9,94,0.0
9,95,0.00440405953031
9,96,0.0
9,97,0.0
9,98,0.0
9,99,0.0
9,100,0.0
9,101,0.0
9,102,0.0
9,103,0.0
9,104,0.0
9,105,0.0
9,106,0.0
9,107,0.0
9,108,0.0
9,109,0.0
9,110,0.0
9,111,0.0
9,112,0.0
9,113,0.0
9,114,0.0
9,115,0.0
9,116,0.0
9,117,0.0
9,118,0.0
9,119,0.0
9,120,0.0
9,121,0.0
9,122,0.0
9,123,0.0
9,124,0.0
9,125,0.0
9,126,0.0
9,127,0.0
9,128,0.0
9,129,0.0
9,130,0.0
9,131,0.0
9,132,0.0
9,133,0.0
9,134,0.0
9,135,0.0
9,136,0.0
9,137,0.0
9,138,0.0
9,139,0.0
9,140,0.0
9,141,0.0
9,142,0.0
9,143,0.0
9,144,0.0
9,145,0.0
9,146,0.0
9,147,0.0
9,148,0.0
9,149,0.0
10,0,0.0
10,1,0.0365159967772
10,2,0.254952745247
10,3,0.175052155472
10,4,0.376096189009
10,5,0.158729402937
10,6,0.10228058167
10,7,0.544461473354
10,8,0.0499133672821
10,9,0.0951317508673
10,10,1.0
10,11,0.885316469025
10,12,0.784866861347
10,13,0.204380822605
10,14,0.213397600838
10,15,0.228993882428
10,16,0.742793221019
10,17,0.112733046315
10,18,0.321984189389
10,19,0.372151826907
10,20,0.50064791386
10,21,0.108107607811
10,22,0.605901679142
10,23,0.103408943601
10,24,0.540146402867
10,25,0.222276790909
10,26,0.472467418575
10,27,0.424877431857
10,28,0.19282237968
10,29,0.261398620761
10,30,0.105204343637
10,31,0.147580386189
10,32,0.111948579681
10,33,0.145517012527
10,34,0.238975735802
10,35,0.790817139173
10,36,0.0693869150187
10,37,0.89421478333
10,38,0.222224134137
10,39,0.124903436023
10,40,0.718813573103
10,41,0.709920271861
10,42,0.836117976311
10,43,0.493515699576
10,44,0.295640611852
10,45,0.410703027751
10,46,0.0576122618189
10,47,0.0454044681813
10,48,0.116354548501
10,49,0.0528733240638
10,50,0.0711867023611
10,51,0.275131929499
10,52,0.0621345559944
10,53,0.289340750773
10,54,0.00486697774484
10,55,0.0101169660583
10,56,0.0357556602198
10,57,0.12178053644
10,58,0.0477569436267
10,59,0.746401446131
10,60,0.0722511214604
10,61,0.0
10,62,0.0578208071576
10,63,0.136666424118
10,64,0.181711013077
10,65,0.017362918089
10,66,0.045935971709
10,67,0.11314022904
10,68,0.936765193041
10,69,0.065759251112
10,70,0.298919115365
10,71,0.055203720716
10,72,0.0231814075126
10,73,0.257877064652
10,74,0.0
10,75,0.0
10,76,0.0
10,77,0.0336547547769
10,78,0.62618074094
10,79,0.0
10,80,0.119364256846
10,81,0.0
10,82,0.180920842462
10,83,0.0
10,84,0.0103862868945
10,85,0.0145087060337
10,86,0.533404699997
10,87,0.0425439760548
10,88,0.0468430554526
10,89,0.0109468088775
10,90,0.0147136081477
10,91,0.00657002167168
10,92,0.0209041240053
10,93,0.235824050769
10,94,0.0284088715139
10,95,0.314913926512
10,96,0.0084686113337
10,97,0.0289719791435
10,98,0.11052673998
10,99,0.0
10,100,0.0103863847076
10,101,0.0
10,102,0.0
10,103,0.0
10,104,0.0
10,105,0.0
10,106,0.0
10,107,0.0
10,108,0.0
10,109,0.0
10,110,0.0
10,111,0.0041503230796
10,112,0.0
10,113,0.0
10,114,0.0
10,115,0.0
10,116,0.0402140576564
10,117,0.0
10,118,0.0
10,119,0.0
10,120,0.0
10,121,0.0
10,122,0.0
10,123,0.0
10,124,0.0
10,125,0.0
10,126,0.0
10,127,0.0
10,128,0.0
10,129,0.0
10,130,0.0
10,131,0.0448223362216
10,132,0.0
10,133,0.0
10,134,0.0
10,135,0.0
10,136,0.0
10,137,0.0
10,138,0.0
10,139,0.0
10,140,0.0
10,141,0.0
10,142,0.0
10,143,0.0111151937852
10,144,0.0
10,145,0.0
10,146,0.0
10,147,0.0
10,148,0.0
10,149,0.0
11,0,0.00620788975471
11,1,0.0822296080717
11,2,0.510448054391
11,3,0.374991632991
11,4,0.644172821724
11,5,0.240888313885
11,6,0.257453857852
11,7,0.829830941232
11,8,0.128830569529
11,9,0.233100465466
11,10,0.885316469025
11,11,1.0
11,12,0.967267972127
11,13,0.417219618996
11,14,0.392946357423
11,15,0.426727730599
11,16,0.939749620409
11,17,0.273818829663
11,18,0.510566919246
11,19,0.601389049045
11,20,0.679169414436
11,21,0.122269044122
11,22,0.563265099274
11,23,0.191273521601
11,24,0.706560803627
11,25,0.241213219448
11,26,0.743652404012
11,27,0.711094119733
11,28,0.418004166369
11,29,0.383193320629
11,30,0.176543659223
11,31,0.231210084614
11,32,0.275113104972
11,33,0.272998807986
11,34,0.461137129061
11,35,0.637106060899
11,36,0.189581249278
11,37,0.940264773457
11,38,0.420034370639
11,39,0.164847370106
11,40,0.446770308197
11,41,0.940224248017
11,42,0.986580371032
11,43,0.608598320571
11,44,0.47746430042
11,45,0.323483175696
11,46,0.0849119211515
11,47,0.128315820496
11,48,0.286419696032
11,49,0.153626887155
11,50,0.0211740230104
11,51,0.167186603025
11,52,0.0231139209016
11,53,0.118300494654
11,54,0.0
11,55,0.0
11,56,0.0104486157174
11,57,0.0440219073381
11,58,0.0133741231733
11,59,0.554648676958
11,60,0.024249288188
11,61,0.0
11,62,0.0181289083409
11,63,0.045750550031
11,64,0.0928582329133
11,65,0.00637989446842
11,66,0.0128267891308
11,67,0.0360644812206
11,68,0.799072009357
11,69,0.0225669197168
11,70,0.127345995836
11,71,0.0149187826257
11,72,0.00537594831936
11,73,0.120880942089
11,74,0.0
11,75,0.0
11,76,0.0
11,77,0.00825352241155
11,78,0.412172154554
11,79,0.0
11,80,0.040419433607
11,81,0.0
11,82,0.0660162678117
11,83,0.0
11,84,0.0
11,85,0.0
11,86,0.278933714127
11,87,0.0126201773414
11,88,0.0131773288092
11,89,0.0
11,90,0.0
11,91,0.0
11,92,0.0103496777666
11,93,0.105999978238
11,94,0.00674271750263
11,95,0.152421670732
11,96,0.0
11,97,0.0106834597167
11,98,0.042302987451
11,99,0.0
11,100,0.00696705509647
11,101,0.0
11,102,0.0
11,103,0.0
11,104,0.0
11,105,0.0
11,106,0.0
11,107,0.0
11,108,0.0
11,109,0.0
11,110,0.0
11,111,0.0
11,112,0.0
11,113,0.0
11,114,0.0
11,115,0.0
11,116,0.0335698917713
11,117,0.0
11,118,0.0
11,119,0.0
11,120,0.0
11,121,0.0
11,122,0.0
11,123,0.0
11,124,0.0
11,125,0.0
11,126,0.0
11,127,0.0
11,128,0.0
11,129,0.0
11,130,0.0
11,131,0.0205239120822
11,132,0.0
11,133,0.0
11,134,0.0
11,135,0.0
11,136,0.0
11,137,0.0
11,138,0.0
11,139,0.0
11,140,0.0
11,141,0.0
11,142,0.0
11,143,0.00663265409032
11,144,0.0
11,145,0.0
11,146,0.0
11,147,0.0
11,148,0.0
11,149,0.0
12,0,0.00421209572467
12,1,0.0733290285791
12,2,0.605192556559
12,3,0.412807638295
12,4,0.669466552034
12,5,0.192471782614
12,6,0.314701396329
12,7,0.882169842795
12,8,0.135202568374
12,9,0.262144648138
12,10,0.784866861347
12,11,0.967267972127
12,12,1.0
12,13,0.449085759255
12,14,0.379169574687
12,15,0.423049955166
12,16,0.995452439286
12,17,0.321278413214
12,18,0.467743958993
12,19,0.754326167638
12,20,0.60370998649
12,21,0.0804607852346
12,22,0.421330390625
12,23,0.165835016989
12,24,0.622140668927
12,25,0.167538709835
12,26,0.75482549082
12,27,0.759966573799
12,28,0.511223177469
12,29,0.319790014744
12,30,0.143413661877
12,31,0.338278999189
12,32,0.3310404905
12,33,0.250702213806
12,34,0.481751319379
12,35,0.618019217358
12,36,0.235451152759
12,37,0.834766110467
12,38,0.419872149612
12,39,0.118536432883
12,40,0.324742475054
12,41,0.93790001732
12,42,0.944376529803
12,43,0.505139604912
12,44,0.436769290502
12,45,0.214849150396
12,46,0.0602353136407
12,47,0.147987447342
12,48,0.35938784413
12,49,0.197413936776
12,50,0.011279114167
12,51,0.0992913408535
12,52,0.0111801753916
12,53,0.0769886813571
12,54,0.0
12,55,0.0
12,56,0.00490462630236
12,57,0.0236561981186
12,58,0.00675329839759
12,59,0.406589899524
12,60,0.0121694336168
12,61,0.0
12,62,0.00896293495413
12,63,0.0270030701232
12,64,0.051259163291
12,65,0.0
12,66,0.00643295944174
12,67,0.0233587185783
12,68,0.747115316313
12,69,0.0111084396953
12,70,0.0795813824224
12,71,0.00846156442308
12,72,0.0
12,73,0.0703916825431
12,74,0.0
12,75,0.0
12,76,0.0
12,77,0.00474414581893
12,78,0.284936451553
12,79,0.0
12,80,0.0223654566335
12,81,0.0
12,82,0.0392285459951
12,83,0.0
12,84,0.0
12,85,0.0
12,86,0.218572647523
12,87,0.00945756609834
12,88,0.00660354514168
12,89,0.0
12,90,0.0
12,91,0.0
12,92,0.00463968016862
12,93,0.0610751187434
12,94,0.0
12,95,0.091878969986
12,96,0.0
12,97,0.00476765625505
12,98,0.0220353593153
12,99,0.0
12,100,0.00977744077394
12,101,0.0
12,102,0.0
12,103,0.0
12,104,0.0
12,105,0.0
12,106,0.0
12,107,0.0
12,108,0.0
12,109,0.0
12,110,0.0
12,111,0.0
12,112,0.0
12,113,0.0
12,114,0.0
12,115,0.0
12,116,0.0469233645092
12,117,0.0
12,118,0.0
12,119,0.00480419005591
12,120,0.0
12,121,0.0
12,122,0.0
12,123,0.0
12,124,0.00502065984717
12,125,0.0
12,126,0.0
12,127,0.0
12,128,0.0
12,129,0.0
12,130,0.0
12,131,0.0213494391372
12,132,0.0
12,133,0.0
12,134,0.0
12,135,0.0
12,136,0.0
12,137,0.0
12,138,0.0
12,139,0.0
12,140,0.00420032137794
12,141,0.0
12,142,0.0
12,143,0.0087962230402
12,144,0.0
12,145,0.0
12,146,0.0
12,147,0.0
12,148,0.0
12,149,0.0
13,0,0.0542886253319
13,1,0.484718003489
13,2,0.858599100495
13,3,0.99485911855
13,4,0.92861733513
13,5,0.49612969895
13,6,0.879292676163
13,7,0.744467993695
13,8,0.754588248156
13,9,0.927797576159
13,10,0.204380822605
13,11,0.417219618996
13,12,0.449085759255
13,13,1.0
13,14,0.908552753755
13,15,0.949439775654
13,16,0.444912766025
13,17,0.932219369264
13,18,0.8172015298
13,19,0.405347366221
13,20,0.689625904644
13,21,0.160418551205
13,22,0.255087443362
13,23,0.616873609195
13,24,0.649845490849
13,25,0.233468868741
13,26,0.856055414759
13,27,0.870478805714
13,28,0.846335811547
13,29,0.61478351237
13,30,0.491671795835
13,31,0.0886367451733
13,32,0.90540999742
13,33,0.780119209517
13,34,0.992188708153
13,35,0.0810588144424
13,36,0.822285503746
13,37,0.393947980315
13,38,0.958245695129
13,39,0.285025884192
13,40,0.054063737742
13,41,0.623924038334
13,42,0.494422163622
13,43,0.54282710023
13,44,0.818268300676
13,45,0.116847405813
13,46,0.224650172089
13,47,0.779757932012
13,48,0.837484158061
13,49,0.746508560096
13,50,0.0
13,51,0.0340234475657
13,52,0.0
13,53,0.00460699517427
13,54,0.0
13,55,0.0
13,56,0.0
13,57,0.0
13,58,0.0
13,59,0.12206940619
13,60,0.0
13,61,0.0
13,62,0.0
13,63,0.0
13,64,0.0128242912708
13,65,0.0
13,66,0.0
13,67,0.0
13,68,0.138403095437
13,69,0.0
13,70,0.00645509565427
13,71,0.0
13,72,0.0
13,73,0.0105431976987
13,74,0.0
13,75,0.0
13,76,0.0
13,77,0.0
13,78,0.0706913212456
13,79,0.0
13,80,0.0
13,81,0.0
13,82,0.0
13,83,0.0
13,84,0.0
13,85,0.0
13,86,0.0147857545589
13,87,0.0
13,88,0.0
13,89,0.0
13,90,0.0
13,91,0.0
13,92,0.0
13,93,0.00824072366248
13,94,0.0
13,95,0.0134194433317
13,96,0.0
13,97,0.0
13,98,0.0
13,99,0.0
13,100,0.0
13,101,0.0
13,102,0.0
13,103,0.0
13,104,0.0
13,105,0.0
13,106,0.0
13,107,0.0
13,108,0.0
13,109,0.0
13,110,0.0
13,111,0.0
13,112,0.0
13,113,0.0
13,114,0.0
13,115,0.0
13,116,0.0
13,117,0.0
13,118,0.0
13,119,0.0
13,120,0.0
13,121,0.0
13,122,0.0
13,123,0.0
13,124,0.0
13,125,0.0
13,126,0.0
13,127,0.0
13,128,0.0
13,129,0.0
13,130,0.0
13,131,0.0
13,132,0.0
13,133,0.0
13,134,0.0
13,135,0.0
13,136,0.0
13,137,0.0
13,138,0.0
13,139,0.0
13,140,0.0
13,141,0.0
13,142,0.0
13,143,0.0
13,144,0.0
13,145,0.0
13,146,0.0
13,147,0.0
13,148,0.0
13,149,0.0
14,0,0.125997973905
14,1,0.667144996063
14,2,0.636263069927
14,3,0.87619191643
14,4,0.858681913367
14,5,0.756842294069
14,6,0.65697644231
14,7,0.633962437681
14,8,0.776294056997
14,9,0.815342971328
14,10,0.213397600838
14,11,0.392946357423
14,12,0.379169574687
14,13,0.908552753755
14,14,1.0
14,15,0.992413627894
14,16,0.360327931105
14,17,0.74909316783
14,18,0.955133763962
14,19,0.250542550684
14,20,0.817030894082
14,21,0.332433168254
14,22,0.382809327
14,23,0.846370050389
14,24,0.776187312687
14,25,0.427716369835
14,26,0.809352423241
14,27,0.754760290259
14,28,0.603186220523
14,29,0.848828950084
14,30,0.74792907354
14,31,0.0395990845147
14,32,0.693459739618
14,33,0.955685410744
14,34,0.94175814787
14,35,0.0683759822657
14,36,0.60996282689
14,37,0.432509234731
14,38,0.989138479821
14,39,0.516713682897
14,40,0.0759794455232
14,41,0.579519369483
14,42,0.482170442326
14,43,0.718481847434
14,44,0.964732412392
14,45,0.212486479606
14,46,0.433236876318
14,47,0.680111790526
14,48,0.589050932989
14,49,0.526342091155
14,50,0.0
14,51,0.0717951491611
14,52,0.00430364161247
14,53,0.00713335966185
14,54,0.0
14,55,0.0
14,56,0.0
14,57,0.0043393354952
14,58,0.0
14,59,0.178161646188
14,60,0.0
14,61,0.0
14,62,0.0
14,63,0.0
14,64,0.0297927905389
14,65,0.0
14,66,0.0
14,67,0.0
14,68,0.12812419369
14,69,0.0
14,70,0.0109985866962
14,71,0.0
14,72,0.0
14,73,0.0213782333334
14,74,0.0
14,75,0.0
14,76,0.0
14,77,0.0
14,78,0.112054368559
14,79,0.0
14,80,0.0
14,81,0.0
14,82,0.00407465985502
14,83,0.0
14,84,0.0
14,85,0.0
14,86,0.0168917298224
14,87,0.0
14,88,0.0
14,89,0.0
14,90,0.0
14,91,0.0
14,92,0.00835212456819
14,93,0.0168561948653
14,94,0.0
14,95,0.0256048472357
14,96,0.0
14,97,0.0
14,98,0.00605511938604
14,99,0.0
14,100,0.0
14,101,0.0
14,102,0.0
14,103,0.0
14,104,0.0
14,105,0.0
14,106,0.0
14,107,0.0
14,108,0.0
14,109,0.0
14,110,0.0
14,111,0.0
14,112,0.0
14,113,0.0
14,114,0.0
14,115,0.0
14,116,0.0
14,117,0.0
14,118,0.0
14,119,0.0
14,120,0.0
14,121,0.0
14,122,0.0
14,123,0.0
14,124,0.0
14,125,0.0
14,126,0.0
14,127,0.0
14,128,0.0
14,129,0.0
14,130,0.0
14,131,0.0
14,132,0.0
14,133,0.0
14,134,0.0
14,135,0.0
14,136,0.0
14,137,0.0
14,138,0.0
14,139,0.0
14,140,0.0
14,141,0.0
14,142,0.0
14,143,0.0
14,144,0.0
14,145,0.0
14,146,0.0
14,147,0.0
14,148,0.0
14,149,0.0
15,0,0.0982167156261
15,1,0.606794156557
15,2,0.710050134735
15,3,0.920884407223
15,4,0.905637948421
15,5,0.688953099058
15,6,0.717332941201
15,7,0.692940442819
15,8,0.764910087433
15,9,0.847886639268
15,10,0.228993882428
15,11,0.426727730599
15,12,0.423049955166
15,13,0.949439775654
15,14,0.992413627894
15,15,1.0
15,16,0.406427339817
15,17,0.801814626755
15,18,0.941921371077
15,19,0.301391279957
15,20,0.8128969867
15,21,0.281706851169
15,22,0.365006667803
15,23,0.783422116288
15,24,0.772649232041
15,25,0.378082244773
15,26,0.853719611263
15,27,0.813882006908
15,28,0.676901577627
15,29,0.799625951486
15,30,0.67570766611
15,31,0.0528921749081
15,32,0.752809237776
15,33,0.915598868212
15,34,0.975304450869
15,35,0.0790879740494
15,36,0.662927338069
15,37,0.450289472323
15,38,0.999442552945
15,39,0.450782954725
15,40,0.0765027370307
15,41,0.623692339507
15,42,0.51601875265
15,43,0.695925994783
15,44,0.947329190902
15,45,0.193408300516
15,46,0.367255979445
15,47,0.700478468712
15,48,0.656732173265
15,49,0.578251037439
15,50,0.0
15,51,0.0637382051223
15,52,0.0
15,53,0.0072166639336
15,54,0.0
15,55,0.0
15,56,0.0
15,57,0.00396871295739
15,58,0.0
15,59,0.17462667402
15,60,0.0
15,61,0.0
15,62,0.0
15,63,0.0
15,64,0.0260381884302
15,65,0.0
15,66,0.0
15,67,0.0
15,68,0.143236891261
15,69,0.0
15,70,0.0107599942945
15,71,0.0
15,72,0.0
15,73,0.0196425751934
15,74,0.0
15,75,0.0
15,76,0.0
15,77,0.0
15,78,0.108113609027
15,79,0.0
15,80,0.0
15,81,0.0
15,82,0.0039689876663
15,83,0.0
15,84,0.0
15,85,0.0
15,86,0.0184181795203
15,87,0.0
15,88,0.0
15,89,0.0
15,90,0.0
15,91,0.0
15,92,0.0064214323384
15,93,0.015499784521
15,94,0.0
15,95,0.0239157072013
15,96,0.0
15,97,0.0
15,98,0.00537218498539
15,99,0.0
15,100,0.0
15,101,0.0
15,102,0.0
15,103,0.0
15,104,0.0
15,105,0.0
15,106,0.0
15,107,0.0
15,108,0.0
15,109,0.0
15,110,0.0
15,111,0.0
15,112,0.0
15,113,0.0
15,114,0.0
15,115,0.0
15,116,0.0
15,117,0.0
15,118,0.0
15,119,0.0
15,120,0.0
15,121,0.0
15,122,0.0
15,123,0.0
15,124,0.0
15,125,0.0
15,126,0.0
15,127,0.0
15,128,0.0
15,129,0.0
15,130,0.0
15,131,0.0
15,132,0.0
15,133,0.0
15,134,0.0
15,135,0.0
15,136,0.0
15,137,0.0
15,138,0.0
15,139,0.0
15,140,0.0
15,141,0.0
15,142,0.0
15,143,0.0
15,144,0.0
15,145,0.0
15,146,0.0
15,147,0.0
15,148,0.0
15,149,0.0
16,0,0.0
16,1,0.0668229463454
16,2,0.625033383198
16,3,0.412008442427
16,4,0.658474009498
16,5,0.170334111785
16,6,0.325992768048
16,7,0.880433654618
16,8,0.131188643948
16,9,0.262476313765
16,10,0.742793221019
16,11,0.939749620409
16,12,0.995452439286
16,13,0.444912766025
16,14,0.360327931105
16,15,0.406427339817
16,16,1.0
16,17,0.327613660295
16,18,0.437691826077
16,19,0.805191584283
16,20,0.561548765263
16,21,0.0664493863543
16,22,0.370395929715
16,23,0.150611536302
16,24,0.577293135889
16,25,0.141802208135
16,26,0.737765637905
16,27,0.757106281377
16,28,0.533110461358
16,29,0.288679658915
16,30,0.127253975349
16,31,0.385824534662
16,32,0.341004523815
16,33,0.233134253085
16,34,0.47244793971
16,35,0.609993924848
16,36,0.244672575554
16,37,0.784644242683
16,38,0.404535430915
16,39,0.100948471394
16,40,0.286996283916
16,41,0.916811329386
16,42,0.911759521219
16,43,0.458358536876
16,44,0.408128752647
16,45,0.180931589919
16,46,0.0507630204743
16,47,0.148838634039
16,48,0.376774304631
16,49,0.207564060017
16,50,0.00902626797303
16,51,0.0806628362925
16,52,0.0085079274611
16,53,0.0661253726226
16,54,0.0
16,55,0.0
16,56,0.0
16,57,0.0188420265025
16,58,0.00529770175007
16,59,0.357848425342
16,60,0.00944754590544
16,61,0.0
16,62,0.00693485136393
16,63,0.022449878687
16,64,0.0406807128009
16,65,0.0
16,66,0.00503256917483
16,67,0.0202387102336
16,68,0.724266445318
16,69,0.00854568366719
16,70,0.0670741303428
16,71,0.00698182971098
16,72,0.0
16,73,0.0573514217619
16,74,0.0
16,75,0.0
16,76,0.0
16,77,0.00395314571613
16,78,0.245937145035
16,79,0.0
16,80,0.018086097932
16,81,0.0
16,82,0.032585556026
16,83,0.0
16,84,0.0
16,85,0.0
16,86,0.200878594614
16,87,0.0087411978675
16,88,0.00516264883439
16,89,0.0
16,90,0.0
16,91,0.0
16,92,0.0
16,93,0.0496286054683
16,94,0.0
16,95,0.0758518222359
16,96,0.0
16,97,0.0
16,98,0.0172793821278
16,99,0.0
16,100,0.0113660545885
16,101,0.0
16,102,0.0
16,103,0.0
16,104,0.0
16,105,0.0
16,106,0.0
16,107,0.0
16,108,0.0
16,109,0.0
16,110,0.0
16,111,0.00410902789501
16,112,0.0
16,113,0.0
16,114,0.0
16,115,0.0
16,116,0.0539438669464
16,117,0.0
16,118,0.0
16,119,0.00604289897793
16,120,0.0
16,121,0.0
16,122,0.0
16,123,0.0
16,124,0.00649816373882
16,125,0.0
16,126,0.0
16,127,0.0
16,128,0.0
16,129,0.0
16,130,0.0
16,131,0.0222377436131
16,132,0.0
16,133,0.0
16,134,0.0
16,135,0.0
16,136,0.0
16,137,0.0
16,138,0.0
16,139,0.0
16,140,0.00529411572104
16,141,0.0
16,142,0.0
16,143,0.0100349416226
16,144,0.0
16,145,0.0
16,146,0.0
16,147,0.0
16,148,0.0
16,149,0.0
17,0,0.0366168408144
17,1,0.416370649054
17,2,0.847009430096
17,3,0.963294184779
17,4,0.778310514131
17,5,0.328521968428
17,6,0.986261406489
17,7,0.599818611652
17,8,0.772063596228
17,9,0.970953881421
17,10,0.112733046315
17,11,0.273818829663
17,12,0.321278413214
17,13,0.932219369264
17,14,0.74909316783
17,15,0.801814626755
17,16,0.327613660295
17,17,1.0
17,18,0.60625535604
17,19,0.375666907393
17,20,0.465758685351
17,21,0.0810709851332
17,22,0.128262161501
17,23,0.473908398458
17,24,0.428675768412
17,25,0.120044314385
17,26,0.678560732512
17,27,0.735544994608
17,28,0.885216272757
17,29,0.412540686183
17,30,0.345192388233
17,31,0.0898938248317
17,32,0.993489469877
17,33,0.627386118547
17,34,0.882664561465
17,35,0.0454708836205
17,36,0.968996990159
17,37,0.235830015262
17,38,0.819266598388
17,39,0.164514128303
17,40,0.0220613932763
17,41,0.450639049549
17,42,0.328874462846
17,43,0.334573259955
17,44,0.611682799443
17,45,0.0501270573048
17,46,0.135321581925
17,47,0.887738855842
17,48,0.946250398914
17,49,0.926750480649
17,50,0.0
17,51,0.0119736526552
17,52,0.0
17,53,0.0
17,54,0.0
17,55,0.0
17,56,0.0
17,57,0.0
17,58,0.0
17,59,0.0544899662995
17,60,0.0
17,61,0.0
17,62,0.0
17,63,0.0
17,64,0.00395836328545
17,65,0.0
17,66,0.0
17,67,0.0
17,68,0.0777816421426
17,69,0.0
17,70,0.0
17,71,0.0
17,72,0.0
17,73,0.0
17,74,0.0
17,75,0.0
17,76,0.0
17,77,0.0
17,78,0.0286412639592
17,79,0.0
17,80,0.0
17,81,0.0
17,82,0.0
17,83,0.0
17,84,0.0
17,85,0.0
17,86,0.00585448390977
17,87,0.0
17,88,0.0
17,89,0.0
17,90,0.0
17,91,0.0
17,92,0.0
17,93,0.0
17,94,0.0
17,95,0.00428662772842
17,96,0.0
17,97,0.0
17,98,0.0
17,99,0.0
17,100,0.0
17,101,0.0
17,102,0.0
17,103,0.0
17,104,0.0
17,105,0.0
17,106,0.0
17,107,0.0
17,108,0.0
17,109,0.0
17,110,0.0
17,111,0.0
17,112,0.0
17,113,0.0
17,114,0.0
17,115,0.0
17,116,0.0
17,117,0.0
17,118,0.0
17,119,0.0
17,120,0.0
17,121,0.0
17,122,0.0
17,123,0.0
17,124,0.0
17,125,0.0
17,126,0.0
17,127,0.0
17,128,0.0
17,129,0.0
17,130,0.0
17,131,0.0
17,132,0.0
17,133,0.0
17,134,0.0
17,135,0.0
17,136,0.0
17,137,0.0
17,138,0.0
17,139,0.0
17,140,0.0
17,141,0.0
17,142,0.0
17,143,0.0
17,144,0.0
17,145,0.0
17,146,0.0
17,147,0.0
17,148,0.0
17,149,0.0
18,0,0.112503682079
18,1,0.559429546379
18,2,0.58181612381
18,3,0.765307170372
18,4,0.8612269323
18,5,0.809664691599
18,6,0.52084000205
18,7,0.684997892367
18,8,0.601706323785
18,9,0.655009442165
18,10,0.321984189389
18,11,0.510566919246
18,12,0.467743958993
18,13,0.8172015298
