0,0,1.0
0,1,0.881071719557
0,2,0.950162952575
0,3,0.976537028507
0,4,0.494423505029
0,5,0.816898996112
0,6,0.544523289437
0,7,0.607637637592
0,8,0.632891249434
0,9,0.488163073722
0,10,0.741698674817
0,11,0.935494548119
0,12,0.823005631154
0,13,0.939199882001
0,14,0.853578882574
0,15,0.793217848638
0,16,0.638063654141
0,17,0.629860667826
0,18,0.589783371051
0,19,0.808280384548
0,20,0.690912433288
0,21,0.583516983237
0,22,0.972390197987
0,23,0.94328649651
0,24,0.616269092036
0,25,0.437546626106
0,26,0.702490673811
0,27,0.857634350817
0,28,0.856901729118
0,29,0.873600239375
0,30,0.653423909394
0,31,0.628549925822
0,32,0.877919202807
0,33,0.450265073532
0,34,0.7812231015
0,35,0.928237717936
0,36,0.882298168142
0,37,0.56537544282
0,38,0.710483172545
0,39,0.462619861028
0,40,0.816776463447
0,41,0.404917143556
0,42,0.697679788553
0,43,0.884063485763
0,44,0.773192994336
0,45,0.743154428383
0,46,0.626149384021
0,47,0.614740899718
0,48,0.614174147944
0,49,0.618439814989
0,50,0.0
0,51,0.0
0,52,0.0
0,53,0.0
0,54,0.0
0,55,0.0
0,56,0.0
0,57,0.0
0,58,0.0
0,59,0.0
0,60,0.0
0,61,0.0
0,62,0.0
0,63,0.0
0,64,0.0
0,65,0.0
0,66,0.0
0,67,0.0
0,68,0.0
0,69,0.0
0,70,0.0
0,71,0.0
0,72,0.0
0,73,0.0
0,74,0.0
0,75,0.0
0,76,0.0
0,77,0.0
0,78,0.0
0,79,0.0
0,80,0.0
0,81,0.0
0,82,0.0
0,83,0.0
0,84,0.0
0,85,0.0
0,86,0.0
0,87,0.0
0,88,0.0
0,89,0.0
0,90,0.0
0,91,0.0
0,92,0.0
0,93,0.0
0,94,0.0
0,95,0.0
0,96,0.0
0,97,0.0
0,98,0.0
0,99,0.0
0,100,0.0
0,101,0.0
0,102,0.0
0,103,0.0
0,104,0.0
0,105,0.0
0,106,0.0
0,107,0.0
0,108,0.0
0,109,0.0
0,110,0.0
0,111,0.0
0,112,0.0
0,113,0.0
0,114,0.0
0,115,0.0
0,116,0.0
0,117,0.0
0,118,0.0
0,119,0.0
0,120,0.0
0,121,0.0
0,122,0.0
0,123,0.0
0,124,0.0
0,125,0.0
0,126,0.0
0,127,0.0
0,128,0.0
0,129,0.0
0,130,0.0
0,131,0.0
0,132,0.0
0,133,0.0
0,134,0.0
0,135,0.0
0,136,0.0
0,137,0.0
0,138,0.0
0,139,0.0
0,140,0.0
0,141,0.0
0,142,0.0
0,143,0.0
0,144,0.0
0,145,0.0
0,146,0.0
0,147,0.0
0,148,0.0
0,149,0.0
1,0,0.881071719557
1,1,1.0
1,2,0.782682339352
1,3,0.775242609381
1,4,0.594886167851
1,5,0.936123982872
1,6,0.564835185273
1,7,0.465119113105
1,8,0.765646928954
1,9,0.489910627444
1,10,0.849980306915
1,11,0.922084770293
1,12,0.774430529017
1,13,0.988860078821
1,14,0.793687475305
1,15,0.81816750036
1,16,0.526141547833
1,17,0.568533391241
1,18,0.344213016026
1,19,0.969310544792
1,20,0.600641634801
1,21,0.714547808741
1,22,0.960780747666
1,23,0.895472287684
1,24,0.507306007332
1,25,0.33293609165
1,26,0.850877255136
1,27,0.813381678503
1,28,0.828247136659
1,29,0.846993940434
1,30,0.577734275646
1,31,0.431356673297
1,32,0.703748003644
1,33,0.305768539807
1,34,0.719590636006
1,35,0.84775150284
1,36,0.802547967605
1,37,0.584946769829
1,38,0.525101273298
1,39,0.452446216737
1,40,0.735475101748
1,41,0.377896563658
1,42,0.45478329176
1,43,0.855246745852
1,44,0.669758422026
1,45,0.561841214645
1,46,0.431976285843
1,47,0.512647925128
1,48,0.709097138978
1,49,0.531919525229
1,50,0.0
1,51,0.0
1,52,0.0
1,53,0.0
1,54,0.0
1,55,0.0
1,56,0.0
1,57,0.0
1,58,0.0
1,59,0.0
1,60,0.0
1,61,0.0
1,62,0.0
1,63,0.0
1,64,0.0
1,65,0.0
1,66,0.0
1,67,0.0
1,68,0.0
1,69,0.0
1,70,0.0
1,71,0.0
1,72,0.0
1,73,0.0
1,74,0.0
1,75,0.0
1,76,0.0
1,77,0.0
1,78,0.0
1,79,0.0
1,80,0.0
1,81,0.0
1,82,0.0
1,83,0.0
1,84,0.0
1,85,0.0
1,86,0.0
1,87,0.0
1,88,0.0
1,89,0.0
1,90,0.0
1,91,0.0
1,92,0.0
1,93,0.0
1,94,0.0
1,95,0.0
1,96,0.0
1,97,0.0
1,98,0.0
1,99,0.0
1,100,0.0
1,101,0.0
1,102,0.0
1,103,0.0
1,104,0.0
1,105,0.0
1,106,0.0
1,107,0.0
1,108,0.0
1,109,0.0
1,110,0.0
1,111,0.0
1,112,0.0
1,113,0.0
1,114,0.0
1,115,0.0
1,116,0.0
1,117,0.0
1,118,0.0
1,119,0.0
1,120,0.0
1,121,0.0
1,122,0.0
1,123,0.0
1,124,0.0
1,125,0.0
1,126,0.0
1,127,0.0
1,128,0.0
1,129,0.0
1,130,0.0
1,131,0.0
1,132,0.0
1,133,0.0
1,134,0.0
1,135,0.0
1,136,0.0
1,137,0.0
1,138,0.0
1,139,0.0
1,140,0.0
1,141,0.0
1,142,0.0
1,143,0.0
1,144,0.0
1,145,0.0
1,146,0.0
1,147,0.0
1,148,0.0
1,149,0.0
2,0,0.950162952575
2,1,0.782682339352
2,2,1.0
2,3,0.97288685887
2,4,0.58031969335
2,5,0.804269664962
2,6,0.672825869683
2,7,0.791680558901
2,8,0.681281134832
2,9,0.629270700278
2,10,0.775475892491
2,11,0.938383784129
2,12,0.917481252482
2,13,0.848238206789
2,14,0.938662548856
2,15,0.861469324638
2,16,0.810451289366
2,17,0.785938361167
2,18,0.74886257747
2,19,0.755252780073
2,20,0.845646728245
2,21,0.641971504231
2,22,0.913100851327
2,23,0.960883280078
2,24,0.791320820289
2,25,0.621885070986
2,26,0.720313707297
2,27,0.933320938699
2,28,0.925106284701
2,29,0.931326089943
2,30,0.810877014973
2,31,0.811252110216
2,32,0.981772988639
2,33,0.640745622444
2,34,0.89821922019
2,35,0.975334469711
2,36,0.960184515427
2,37,0.692070776676
2,38,0.879363815221
2,39,0.610098862246
2,40,0.92780780813
2,41,0.559148849923
2,42,0.855194099984
2,43,0.936627355732
2,44,0.908704815895
2,45,0.903322346093
2,46,0.809556053504
2,47,0.787961982617
2,48,0.690872980432
2,49,0.785946792183
2,50,0.0
2,51,0.0
2,52,0.0
2,53,0.0
2,54,0.0
2,55,0.0
2,56,0.0
2,57,0.0
2,58,0.0
2,59,0.0
2,60,0.0
2,61,0.0
2,62,0.0
2,63,0.0
2,64,0.0
2,65,0.0
2,66,0.0
2,67,0.0
2,68,0.0
2,69,0.0
2,70,0.0
2,71,0.0
2,72,0.0
2,73,0.0
2,74,0.0
2,75,0.0
2,76,0.0
2,77,0.0
2,78,0.0
2,79,0.0
2,80,0.0
2,81,0.0
2,82,0.0
2,83,0.0
2,84,0.0
2,85,0.0
2,86,0.0
2,87,0.0
2,88,0.0
2,89,0.0
2,90,0.0
2,91,0.0
2,92,0.0
2,93,0.0
2,94,0.0
2,95,0.0
2,96,0.0
2,97,0.0
2,98,0.0
2,99,0.0
2,100,0.0
2,101,0.0
2,102,0.0
2,103,0.0
2,104,0.0
2,105,0.0
2,106,0.0
2,107,0.0
2,108,0.0
2,109,0.0
2,110,0.0
2,111,0.0
2,112,0.0
2,113,0.0
2,114,0.0
2,115,0.0
2,116,0.0
2,117,0.0
2,118,0.0
2,119,0.0
2,120,0.0
2,121,0.0
2,122,0.0
2,123,0.0
2,124,0.0
2,125,0.0
2,126,0.0
2,127,0.0
2,128,0.0
2,129,0.0
2,130,0.0
2,131,0.0
2,132,0.0
2,133,0.0
2,134,0.0
2,135,0.0
2,136,0.0
2,137,0.0
2,138,0.0
2,139,0.0
2,140,0.0
2,141,0.0
2,142,0.0
2,143,0.0
2,144,0.0
2,145,0.0
2,146,0.0
2,147,0.0
2,148,0.0
2,149,0.0
3,0,0.976537028507
3,1,0.775242609381
3,2,0.97288685887
3,3,1.0
3,4,0.454877895891
3,5,0.733760580749
3,6,0.534000201295
3,7,0.670930622073
3,8,0.569550769326
3,9,0.489099313191
3,10,0.675614557721
3,11,0.889594910676
3,12,0.815259905256
3,13,0.85164930986
3,14,0.846373971568
3,15,0.756312428962
3,16,0.68237494325
3,17,0.649941520476
3,18,0.711682966547
3,19,0.705914685846
3,20,0.719122112452
3,21,0.525557257513
3,22,0.909779476004
3,23,0.912137324891
3,24,0.661133006062
3,25,0.494054496599
3,26,0.624788560925
3,27,0.842482322971
3,28,0.834643892757
3,29,0.847497485965
3,30,0.678277013207
3,31,0.719442193273
3,32,0.920452054888
3,33,0.52919461302
3,34,0.785304210392
3,35,0.916410994734
3,36,0.879460495458
3,37,0.553739197503
3,38,0.784711504744
3,39,0.470202914498
3,40,0.82524381922
3,41,0.422862054407
3,42,0.803334625625
3,43,0.857064096822
3,44,0.79817859005
3,45,0.810890097057
3,46,0.71566688349
3,47,0.656241926715
3,48,0.567602526315
3,49,0.651793995485
3,50,0.0
3,51,0.0
3,52,0.0
3,53,0.0
3,54,0.0
3,55,0.0
3,56,0.0
3,57,0.0
3,58,0.0
3,59,0.0
3,60,0.0
3,61,0.0
3,62,0.0
3,63,0.0
3,64,0.0
3,65,0.0
3,66,0.0
3,67,0.0
3,68,0.0
3,69,0.0
3,70,0.0
3,71,0.0
3,72,0.0
3,73,0.0
3,74,0.0
3,75,0.0
3,76,0.0
3,77,0.0
3,78,0.0
3,79,0.0
3,80,0.0
3,81,0.0
3,82,0.0
3,83,0.0
3,84,0.0
3,85,0.0
3,86,0.0
3,87,0.0
3,88,0.0
3,89,0.0
3,90,0.0
3,91,0.0
3,92,0.0
3,93,0.0
3,94,0.0
3,95,0.0
3,96,0.0
3,97,0.0
3,98,0.0
3,99,0.0
3,100,0.0
3,101,0.0
3,102,0.0
3,103,0.0
3,104,0.0
3,105,0.0
3,106,0.0
3,107,0.0
3,108,0.0
3,109,0.0
3,110,0.0
3,111,0.0
3,112,0.0
3,113,0.0
3,114,0.0
3,115,0.0
3,116,0.0
3,117,0.0
3,118,0.0
3,119,0.0
3,120,0.0
3,121,0.0
3,122,0.0
3,123,0.0
3,124,0.0
3,125,0.0
3,126,0.0
3,127,0.0
3,128,0.0
3,129,0.0
3,130,0.0
3,131,0.0
3,132,0.0
3,133,0.0
3,134,0.0
3,135,0.0
3,136,0.0
3,137,0.0
3,138,0.0
3,139,0.0
3,140,0.0
3,141,0.0
3,142,0.0
3,143,0.0
3,144,0.0
3,145,0.0
3,146,0.0
3,147,0.0
3,148,0.0
3,149,0.0
4,0,0.494423505029
4,1,0.594886167851
4,2,0.58031969335
4,3,0.454877895891
4,4,1.0
4,5,0.805915699818
4,6,0.956662132206
4,7,0.666751302785
4,8,0.957965559038
4,9,0.925652494713
4,10,0.902402521711
4,11,0.711684639119
4,12,0.818558820398
4,13,0.571336768121
4,14,0.788975363419
4,15,0.877960085435
4,16,0.752305343287
4,17,0.848340624002
4,18,0.329562640213
4,19,0.732998048497
4,20,0.802312420343
4,21,0.978263385498
4,22,0.590801883378
4,23,0.698237346562
4,24,0.751898393951
4,25,0.641923616747
4,26,0.899875299564
4,27,0.797672171145
4,28,0.807472181939
4,29,0.793088013689
4,30,0.825742467161
4,31,0.527374987576
4,32,0.624737261295
4,33,0.519046967089
4,34,0.826399538945
4,35,0.704264114599
4,36,0.749991617977
4,37,0.955988316169
4,38,0.604385751068
4,39,0.898371527073
4,40,0.788808275293
4,41,0.83446801944
4,42,0.437639551478
4,43,0.781609775998
4,44,0.773345347774
4,45,0.623309106816
4,46,0.534578307672
4,47,0.766544523181
4,48,0.979895478619
4,49,0.800075015354
4,50,0.0
4,51,0.0
4,52,0.0
4,53,0.0
4,54,0.0
4,55,0.0
4,56,0.0
4,57,0.0
4,58,0.0
4,59,0.0
4,60,0.0
4,61,0.0
4,62,0.0
4,63,0.0
4,64,0.0
4,65,0.0
4,66,0.0
4,67,0.0
4,68,0.0
4,69,0.0
4,70,0.0
4,71,0.0
4,72,0.0
4,73,0.0
4,74,0.0
4,75,0.0
4,76,0.0
4,77,0.0
4,78,0.0
4,79,0.0
4,80,0.0
4,81,0.0
4,82,0.0
4,83,0.0
4,84,0.0
4,85,0.0
4,86,0.0
4,87,0.0
4,88,0.0
4,89,0.0
4,90,0.0
4,91,0.0
4,92,0.0
4,93,0.0
4,94,0.0
4,95,0.0
4,96,0.0
4,97,0.0
4,98,0.0
4,99,0.0
4,100,0.0
4,101,0.0
4,102,0.0
4,103,0.0
4,104,0.0
4,105,0.0
4,106,0.0
4,107,0.0
4,108,0.0
4,109,0.0
4,110,0.0
4,111,0.0
4,112,0.0
4,113,0.0
4,114,0.0
4,115,0.0
4,116,0.0
4,117,0.0
4,118,0.0
4,119,0.0
4,120,0.0
4,121,0.0
4,122,0.0
4,123,0.0
4,124,0.0
4,125,0.0
4,126,0.0
4,127,0.0
4,128,0.0
4,129,0.0
4,130,0.0
4,131,0.0
4,132,0.0
4,133,0.0
4,134,0.0
4,135,0.0
4,136,0.0
4,137,0.0
4,138,0.0
4,139,0.0
4,140,0.0
4,141,0.0
4,142,0.0
4,143,0.0
4,144,0.0
4,145,0.0
4,146,0.0
4,147,0.0
4,148,0.0
4,149,0.0
5,0,0.816898996112
5,1,0.936123982872
5,2,0.804269664962
5,3,0.733760580749
5,4,0.805915699818
5,5,1.0
5,6,0.772366731465
5,7,0.607291837464
5,8,0.932878742824
5,9,0.697714021654
5,10,0.978802701646
5,11,0.953580950715
5,12,0.898251347042
5,13,0.919137796599
5,14,0.90104203329
5,15,0.950236183883
5,16,0.684064546417
5,17,0.747542295735
5,18,0.393644219057
5,19,0.98643731059
5,20,0.760313303497
5,21,0.898678219304
5,22,0.915793126063
5,23,0.931013138224
5,24,0.668169275251
5,25,0.483542052837
5,26,0.976067925746
5,27,0.918118080125
5,28,0.932134289266
5,29,0.939418028908
5,30,0.748701155926
5,31,0.534587538045
5,32,0.772291862563
5,33,0.42643394221
5,34,0.86065181671
5,35,0.903194674762
5,36,0.892029375939
5,37,0.789794485596
5,38,0.634741512351
5,39,0.65667784124
5,40,0.859224102062
5,41,0.57095448343
5,42,0.518475336578
5,43,0.940448777586
5,44,0.804808687667
5,45,0.669578840634
5,46,0.537561422844
5,47,0.676950189419
5,48,0.897160316664
5,49,0.702917602012
5,50,0.0
5,51,0.0
5,52,0.0
5,53,0.0
5,54,0.0
5,55,0.0
5,56,0.0
5,57,0.0
5,58,0.0
5,59,0.0
5,60,0.0
5,61,0.0
5,62,0.0
5,63,0.0
5,64,0.0
5,65,0.0
5,66,0.0
5,67,0.0
5,68,0.0
5,69,0.0
5,70,0.0
5,71,0.0
5,72,0.0
5,73,0.0
5,74,0.0
5,75,0.0
5,76,0.0
5,77,0.0
5,78,0.0
5,79,0.0
5,80,0.0
5,81,0.0
5,82,0.0
5,83,0.0
5,84,0.0
5,85,0.0
5,86,0.0
5,87,0.0
5,88,0.0
5,89,0.0
5,90,0.0
5,91,0.0
5,92,0.0
5,93,0.0
5,94,0.0
5,95,0.0
5,96,0.0
5,97,0.0
5,98,0.0
5,99,0.0
5,100,0.0
5,101,0.0
5,102,0.0
5,103,0.0
5,104,0.0
5,105,0.0
5,106,0.0
5,107,0.0
5,108,0.0
5,109,0.0
5,110,0.0
5,111,0.0
5,112,0.0
5,113,0.0
5,114,0.0
5,115,0.0
5,116,0.0
5,117,0.0
5,118,0.0
5,119,0.0
5,120,0.0
5,121,0.0
5,122,0.0
5,123,0.0
5,124,0.0
5,125,0.0
5,126,0.0
5,127,0.0
5,128,0.0
5,129,0.0
5,130,0.0
5,131,0.0
5,132,0.0
5,133,0.0
5,134,0.0
5,135,0.0
5,136,0.0
5,137,0.0
5,138,0.0
5,139,0.0
5,140,0.0
5,141,0.0
5,142,0.0
5,143,0.0
5,144,0.0
5,145,0.0
5,146,0.0
5,147,0.0
5,148,0.0
5,149,0.0
6,0,0.544523289437
6,1,0.564835185273
6,2,0.672825869683
6,3,0.534000201295
6,4,0.956662132206
6,5,0.772366731465
6,6,1.0
6,7,0.829503739897
6,8,0.902573362336
6,9,0.991209383311
6,10,0.872225653461
6,11,0.742744864928
6,12,0.889512470741
6,13,0.566598607963
6,14,0.86131214439
6,15,0.903883737418
6,16,0.895295822313
6,17,0.958341643789
6,18,0.473988272002
6,19,0.680139452525
6,20,0.922678409616
6,21,0.918412533353
6,22,0.610028736018
6,23,0.74550437868
6,24,0.897028224998
6,25,0.811172423591
6,26,0.841454460277
6,27,0.860144415787
6,28,0.860731264851
6,29,0.842464158404
6,30,0.942709731421
6,31,0.695646427814
6,32,0.741571711465
6,33,0.698227470411
6,34,0.912590306326
6,35,0.771438951185
6,36,0.827458744793
6,37,0.999386331335
6,38,0.760948031305
6,39,0.97886455273
6,40,0.880458736819
6,41,0.938984628897
6,42,0.589463734377
6,43,0.830543154025
6,44,0.886003605781
6,45,0.773096772077
6,46,0.703290158838
6,47,0.907800787101
6,48,0.953108863207
6,49,0.930464113698
6,50,0.0
6,51,0.0
6,52,0.0
6,53,0.0
6,54,0.0
6,55,0.0
6,56,0.0
6,57,0.0
6,58,0.0
6,59,0.0
6,60,0.0
6,61,0.0
6,62,0.0
6,63,0.0
6,64,0.0
6,65,0.0
6,66,0.0
6,67,0.0
6,68,0.0
6,69,0.0
6,70,0.0
6,71,0.0
6,72,0.0
6,73,0.0
6,74,0.0
6,75,0.0
6,76,0.0
6,77,0.0
6,78,0.0
6,79,0.0
6,80,0.0
6,81,0.0
6,82,0.0
6,83,0.0
6,84,0.0
6,85,0.0
6,86,0.0
6,87,0.0
6,88,0.0
6,89,0.0
6,90,0.0
6,91,0.0
6,92,0.0
6,93,0.0
6,94,0.0
6,95,0.0
6,96,0.0
6,97,0.0
6,98,0.0
6,99,0.0
6,100,0.0
6,101,0.0
6,102,0.0
6,103,0.0
6,104,0.0
6,105,0.0
6,106,0.0
6,107,0.0
6,108,0.0
6,109,0.0
6,110,0.0
6,111,0.0
6,112,0.0
6,113,0.0
6,114,0.0
6,115,0.0
6,116,0.0
6,117,0.0
6,118,0.0
6,119,0.0
6,120,0.0
6,121,0.0
6,122,0.0
6,123,0.0
6,124,0.0
6,125,0.0
6,126,0.0
6,127,0.0
6,128,0.0
6,129,0.0
6,130,0.0
6,131,0.0
6,132,0.0
6,133,0.0
6,134,0.0
6,135,0.0
6,136,0.0
6,137,0.0
6,138,0.0
6,139,0.0
6,140,0.0
6,141,0.0
6,142,0.0
6,143,0.0
6,144,0.0
6,145,0.0
6,146,0.0
6,147,0.0
6,148,0.0
6,149,0.0
7,0,0.607637637592
7,1,0.465119113105
7,2,0.791680558901
7,3,0.670930622073
7,4,0.666751302785
7,5,0.607291837464
7,6,0.829503739897
7,7,1.0
7,8,0.642691983484
7,9,0.846088104436
7,10,0.672346455789
7,11,0.704688428916
7,12,0.865303066874
7,13,0.511143708125
7,14,0.854650428973
7,15,0.788002506699
7,16,0.988937825502
7,17,0.947756934854
7,18,0.817116408723
7,19,0.513132917975
7,20,0.96381660148
7,21,0.639217201602
7,22,0.589629451979
7,23,0.738620712892
7,24,0.989481059125
7,25,0.95761704551
7,26,0.607881835193
7,27,0.834904199287
7,28,0.817464252679
7,29,0.800256253432
7,30,0.959177138782
7,31,0.968219429633
7,32,0.885840242349
7,33,0.953938265048
7,34,0.903262657853
7,35,0.795191949881
7,36,0.847538863163
7,37,0.834336292539
7,38,0.976065543889
7,39,0.857328276149
7,40,0.900848419131
7,41,0.860382548541
7,42,0.891636777009
7,43,0.792803232311
7,44,0.942303782169
7,45,0.968867859273
7,46,0.971694656253
7,47,0.985370075127
7,48,0.710385968422
7,49,0.973309350908
7,50,0.0
7,51,0.0
7,52,0.0
7,53,0.0
7,54,0.0
7,55,0.0
7,56,0.0
7,57,0.0
7,58,0.0
7,59,0.0
7,60,0.0
7,61,0.0
7,62,0.0
7,63,0.0
7,64,0.0
7,65,0.0
7,66,0.0
7,67,0.0
7,68,0.0
7,69,0.0
7,70,0.0
7,71,0.0
7,72,0.0
7,73,0.0
7,74,0.0
7,75,0.0
7,76,0.0
7,77,0.0
7,78,0.0
7,79,0.0
7,80,0.0
7,81,0.0
7,82,0.0
7,83,0.0
7,84,0.0
7,85,0.0
7,86,0.0
7,87,0.0
7,88,0.0
7,89,0.0
7,90,0.0
7,91,0.0
7,92,0.0
7,93,0.0
7,94,0.0
7,95,0.0
7,96,0.0
7,97,0.0
7,98,0.0
7,99,0.0
7,100,0.0
7,101,0.0
7,102,0.0
7,103,0.0
7,104,0.0
7,105,0.0
7,106,0.0
7,107,0.0
7,108,0.0
7,109,0.0
7,110,0.0
7,111,0.0
7,112,0.0
7,113,0.0
7,114,0.0
7,115,0.0
7,116,0.0
7,117,0.0
7,118,0.0
7,119,0.0
7,120,0.0
7,121,0.0
7,122,0.0
7,123,0.0
7,124,0.0
7,125,0.0
7,126,0.0
7,127,0.0
7,128,0.0
7,129,0.0
7,130,0.0
7,131,0.0
7,132,0.0
7,133,0.0
7,134,0.0
7,135,0.0
7,136,0.0
7,137,0.0
7,138,0.0
7,139,0.0
7,140,0.0
7,141,0.0
7,142,0.0
7,143,0.0
7,144,0.0
7,145,0.0
7,146,0.0
7,147,0.0
7,148,0.0
7,149,0.0
8,0,0.632891249434
8,1,0.765646928954
8,2,0.681281134832
8,3,0.569550769326
8,4,0.957965559038
8,5,0.932878742824
8,6,0.902573362336
8,7,0.642691983484
8,8,1.0
8,9,0.843664844979
8,10,0.983122341833
8,11,0.839025659805
8,12,0.877540428248
8,13,0.736678888262
8,14,0.860069333428
8,15,0.944730826809
8,16,0.730470787208
8,17,0.820132345895
8,18,0.348571153479
8,19,0.884436068345
8,20,0.798226825545
8,21,0.996005135452
8,22,0.743992967113
8,23,0.818030333214
8,24,0.722422862958
8,25,0.567629107101
8,26,0.986266110267
8,27,0.874486653517
8,28,0.888226179588
8,29,0.88288580106
8,30,0.806816314873
8,31,0.527191231281
8,32,0.694539532558
8,33,0.471442338789
8,34,0.863310983287
8,35,0.807351285804
8,36,0.830699601525
8,37,0.911088232468
8,38,0.618845247954
8,39,0.80529436266
8,40,0.838824312864
8,41,0.722384579983
8,42,0.466730447857
8,43,0.876067781999
8,44,0.802266592992
8,45,0.646340628356
8,46,0.532767442517
8,47,0.735458824361
8,48,0.989830120787
8,49,0.768409220111
8,50,0.0
8,51,0.0
8,52,0.0
8,53,0.0
8,54,0.0
8,55,0.0
8,56,0.0
8,57,0.0
8,58,0.0
8,59,0.0
8,60,0.0
8,61,0.0
8,62,0.0
8,63,0.0
8,64,0.0
8,65,0.0
8,66,0.0
8,67,0.0
8,68,0.0
8,69,0.0
8,70,0.0
8,71,0.0
8,72,0.0
8,73,0.0
8,74,0.0
8,75,0.0
8,76,0.0
8,77,0.0
8,78,0.0
8,79,0.0
8,80,0.0
8,81,0.0
8,82,0.0
8,83,0.0
8,84,0.0
8,85,0.0
8,86,0.0
8,87,0.0
8,88,0.0
8,89,0.0
8,90,0.0
8,91,0.0
8,92,0.0
8,93,0.0
8,94,0.0
8,95,0.0
8,96,0.0
8,97,0.0
8,98,0.0
8,99,0.0
8,100,0.0
8,101,0.0
8,102,0.0
8,103,0.0
8,104,0.0
8,105,0.0
8,106,0.0
8,107,0.0
8,108,0.0
8,109,0.0
8,110,0.0
8,111,0.0
8,112,0.0
8,113,0.0
8,114,0.0
8,115,0.0
8,116,0.0
8,117,0.0
8,118,0.0
8,119,0.0
8,120,0.0
8,121,0.0
8,122,0.0
8,123,0.0
8,124,0.0
8,125,0.0
8,126,0.0
8,127,0.0
8,128,0.0
8,129,0.0
8,130,0.0
8,131,0.0
8,132,0.0
8,133,0.0
8,134,0.0
8,135,0.0
8,136,0.0
8,137,0.0
8,138,0.0
8,139,0.0
8,140,0.0
8,141,0.0
8,142,0.0
8,143,0.0
8,144,0.0
8,145,0.0
8,146,0.0
8,147,0.0
8,148,0.0
8,149,0.0
9,0,0.488163073722
9,1,0.489910627444
9,2,0.629270700278
9,3,0.489099313191
9,4,0.925652494713
9,5,0.697714021654
9,6,0.991209383311
9,7,0.846088104436
9,8,0.843664844979
9,9,1.0
9,10,0.806986338514
9,11,0.678487554088
9,12,0.848384326734
9,13,0.495607757923
9,14,0.817281379027
9,15,0.851236699061
9,16,0.902338695424
9,17,0.956926133643
9,18,0.481765558925
9,19,0.601079847061
9,20,0.915126807471
9,21,0.865682749474
9,22,0.542783783373
9,23,0.685831668371
9,24,0.908039000895
9,25,0.856645493993
9,26,0.771447463855
9,27,0.812390335297
9,28,0.809985144948
9,29,0.788771918723
9,30,0.939746483998
9,31,0.708820979348
9,32,0.710990272513
9,33,0.739814606064
9,34,0.881619736244
9,35,0.719187847125
9,36,0.782337424246
9,37,0.986976754686
9,38,0.761140094151
9,39,0.997181827984
9,40,0.846973418278
9,41,0.975357661077
9,42,0.589179494563
9,43,0.775728779343
9,44,0.864754265108
9,45,0.767319810614
9,46,0.717010101597
9,47,0.918001471747
9,48,0.90768251206
9,49,0.937002448121
9,50,0.0
9,51,0.0
9,52,0.0
9,53,0.0
9,54,0.0
9,55,0.0
9,56,0.0
9,57,0.0
9,58,0.0
9,59,0.0
9,60,0.0
9,61,0.0
9,62,0.0
9,63,0.0
9,64,0.0
9,65,0.0
9,66,0.0
9,67,0.0
9,68,0.0
9,69,0.0
9,70,0.0
9,71,0.0
9,72,0.0
9,73,0.0
9,74,0.0
9,75,0.0
9,76,0.0
9,77,0.0
9,78,0.0
9,79,0.0
9,80,0.0
9,81,0.0
9,82,0.0
9,83,0.0
9,84,0.0
9,85,0.0
9,86,0.0
9,87,0.0
9,88,0.0
9,89,0.0
9,90,0.0
9,91,0.0
9,92,0.0
9,93,0.0
9,94,0.0
9,95,0.0
9,96,0.0
9,97,0.0
9,98,0.0
9,99,0.0
9,100,0.0
9,101,0.0
9,102,0.0
9,103,0.0
9,104,0.0
9,105,0.0
9,106,0.0
9,107,0.0
9,108,0.0
9,109,0.0
9,110,0.0
9,111,0.0
9,112,0.0
9,113,0.0
9,114,0.0
9,115,0.0
9,116,0.0
9,117,0.0
9,118,0.0
9,119,0.0
9,120,0.0
9,121,0.0
9,122,0.0
9,123,0.0
9,124,0.0
9,125,0.0
9,126,0.0
9,127,0.0
9,128,0.0
9,129,0.0
9,130,0.0
9,131,0.0
9,132,0.0
9,133,0.0
9,134,0.0
9,135,0.0
9,136,0.0
9,137,0.0
9,138,0.0
9,139,0.0
9,140,0.0
9,141,0.0
9,142,0.0
9,143,0.0
9,144,0.0
9,145,0.0
9,146,0.0
9,147,0.0
9,148,0.0
9,149,0.0
10,0,0.741698674817
10,1,0.849980306915
10,2,0.775475892491
10,3,0.675614557721
10,4,0.902402521711
10,5,0.978802701646
10,6,0.872225653461
10,7,0.672346455789
10,8,0.983122341833
10,9,0.806986338514
10,10,1.0
10,11,0.919237695527
10,12,0.925400511644
10,13,0.832523069955
10,14,0.917214868153
10,15,0.97776167694
10,16,0.754307336725
10,17,0.827997772805
10,18,0.406440360901
10,19,0.938263686735
10,20,0.824749566337
10,21,0.964123338179
10,22,0.84263777506
10,23,0.900946669047
10,24,0.742268613052
10,25,0.568939666791
10,26,0.993831965144
10,27,0.931147464462
10,28,0.943382304341
10,29,0.942805889883
10,30,0.822813030947
10,31,0.575853663003
10,32,0.7735522447
10,33,0.491470644599
10,34,0.902738168355
10,35,0.887030954054
10,36,0.897571672173
10,37,0.885530373358
10,38,0.673007235362
10,39,0.768200623804
10,40,0.889674908687
10,41,0.68408948796
10,42,0.533109093593
10,43,0.939265533226
10,44,0.847540746798
10,45,0.70387427074
10,46,0.580351487155
10,47,0.752921648729
10,48,0.967000937554
10,49,0.78161311212
10,50,0.0
10,51,0.0
10,52,0.0
10,53,0.0
10,54,0.0
10,55,0.0
10,56,0.0
10,57,0.0
10,58,0.0
10,59,0.0
10,60,0.0
10,61,0.0
10,62,0.0
10,63,0.0
10,64,0.0
10,65,0.0
10,66,0.0
10,67,0.0
10,68,0.0
10,69,0.0
10,70,0.0
10,71,0.0
10,72,0.0
10,73,0.0
10,74,0.0
10,75,0.0
10,76,0.0
10,77,0.0
10,78,0.0
10,79,0.0
10,80,0.0
10,81,0.0
10,82,0.0
10,83,0.0
10,84,0.0
10,85,0.0
10,86,0.0
10,87,0.0
10,88,0.0
10,89,0.0
10,90,0.0
10,91,0.0
10,92,0.0
10,93,0.0
10,94,0.0
10,95,0.0
10,96,0.0
10,97,0.0
10,98,0.0
10,99,0.0
10,100,0.0
10,101,0.0
10,102,0.0
10,103,0.0
10,104,0.0
10,105,0.0
10,106,0.0
10,107,0.0
10,108,0.0
10,109,0.0
10,110,0.0
10,111,0.0
10,112,0.0
10,113,0.0
10,114,0.0
10,115,0.0
10,116,0.0
10,117,0.0
10,118,0.0
10,119,0.0
10,120,0.0
10,121,0.0
10,122,0.0
10,123,0.0
10,124,0.0
10,125,0.0
10,126,0.0
10,127,0.0
10,128,0.0
10,129,0.0
10,130,0.0
10,131,0.0
10,132,0.0
10,133,0.0
10,134,0.0
10,135,0.0
10,136,0.0
10,137,0.0
10,138,0.0
10,139,0.0
10,140,0.0
10,141,0.0
10,142,0.0
10,143,0.0
10,144,0.0
10,145,0.0
10,146,0.0
10,147,0.0
10,148,0.0
10,149,0.0
11,0,0.935494548119
11,1,0.922084770293
11,2,0.938383784129
11,3,0.889594910676
11,4,0.711684639119
11,5,0.953580950715
11,6,0.742744864928
11,7,0.704688428916
11,8,0.839025659805
11,9,0.678487554088
11,10,0.919237695527
11,11,1.0
11,12,0.945733605554
11,13,0.94753850045
11,14,0.959499128802
11,15,0.947700008728
11,16,0.760482239365
11,17,0.786271459074
11,18,0.550236897853
11,19,0.924926890311
11,20,0.823872625298
11,21,0.797371147197
11,22,0.974995586575
11,23,0.99704217076
11,24,0.741604464925
11,25,0.551027614895
11,26,0.888036240014
11,27,0.967521583206
11,28,0.97199495308
11,29,0.980717670265
11,30,0.799458026827
11,31,0.668440869806
11,32,0.903473152363
11,33,0.523820123884
11,34,0.911883806019
11,35,0.984585646104
11,36,0.966386025485
11,37,0.762619032923
11,38,0.763714082746
11,39,0.645850286195
11,40,0.92697919743
11,41,0.572514559169
11,42,0.679595518751
11,43,0.984784585995
11,44,0.883204792682
11,45,0.797267443261
11,46,0.669526863797
11,47,0.745264192187
11,48,0.823026865693
11,49,0.759819856879
11,50,0.0
11,51,0.0
11,52,0.0
11,53,0.0
11,54,0.0
11,55,0.0
11,56,0.0
11,57,0.0
11,58,0.0
11,59,0.0
11,60,0.0
11,61,0.0
11,62,0.0
11,63,0.0
11,64,0.0
11,65,0.0
11,66,0.0
11,67,0.0
11,68,0.0
11,69,0.0
11,70,0.0
11,71,0.0
11,72,0.0
11,73,0.0
11,74,0.0
11,75,0.0
11,76,0.0
11,77,0.0
11,78,0.0
11,79,0.0
11,80,0.0
11,81,0.0
11,82,0.0
11,83,0.0
11,84,0.0
11,85,0.0
11,86,0.0
11,87,0.0
11,88,0.0
11,89,0.0
11,90,0.0
11,91,0.0
11,92,0.0
11,93,0.0
11,94,0.0
11,95,0.0
11,96,0.0
11,97,0.0
11,98,0.0
11,99,0.0
11,100,0.0
11,101,0.0
11,102,0.0
11,103,0.0
11,104,0.0
11,105,0.0
11,106,0.0
11,107,0.0
11,108,0.0
11,109,0.0
11,110,0.0
11,111,0.0
11,112,0.0
11,113,0.0
11,114,0.0
11,115,0.0
11,116,0.0
11,117,0.0
11,118,0.0
11,119,0.0
11,120,0.0
11,121,0.0
11,122,0.0
11,123,0.0
11,124,0.0
11,125,0.0
11,126,0.0
11,127,0.0
11,128,0.0
11,129,0.0
11,130,0.0
11,131,0.0
11,132,0.0
11,133,0.0
11,134,0.0
11,135,0.0
11,136,0.0
11,137,0.0
11,138,0.0
11,139,0.0
11,140,0.0
11,141,0.0
11,142,0.0
11,143,0.0
11,144,0.0
11,145,0.0
11,146,0.0
11,147,0.0
11,148,0.0
11,149,0.0
12,0,0.823005631154
12,1,0.774430529017
12,2,0.917481252482
12,3,0.815259905256
12,4,0.818558820398
12,5,0.898251347042
12,6,0.889512470741
12,7,0.865303066874
12,8,0.877540428248
12,9,0.848384326734
12,10,0.925400511644
12,11,0.945733605554
12,12,1.0
12,13,0.803798603788
12,14,0.998045601875
12,15,0.983479310817
12,16,0.915430903313
12,17,0.937382401268
12,18,0.637275488687
12,19,0.826480258805
12,20,0.957501585107
12,21,0.855457764542
12,22,0.857443257896
12,23,0.95514954047
12,24,0.903324882935
12,25,0.744427474656
12,26,0.880315876978
12,27,0.997011437852
12,28,0.99490119437
12,29,0.990283338928
12,30,0.945175158474
12,31,0.802550860009
12,32,0.941798671561
12,33,0.699774022472
12,34,0.995343854704
12,35,0.971945245482
12,36,0.991282047733
12,37,0.903636134506
12,38,0.882629023859
12,39,0.825830943525
12,40,0.995885231597
12,41,0.766285376111
12,42,0.766337996707
12,43,0.987324205869
12,44,0.981021303054
12,45,0.90544221508
12,46,0.805865230071
12,47,0.907305864967
12,48,0.899058474498
12,49,0.919449928539
12,50,0.0
12,51,0.0
12,52,0.0
12,53,0.0
12,54,0.0
12,55,0.0
12,56,0.0
12,57,0.0
12,58,0.0
12,59,0.0
12,60,0.0
12,61,0.0
12,62,0.0
12,63,0.0
12,64,0.0
12,65,0.0
12,66,0.0
12,67,0.0
12,68,0.0
12,69,0.0
12,70,0.0
12,71,0.0
12,72,0.0
12,73,0.0
12,74,0.0
12,75,0.0
12,76,0.0
12,77,0.0
12,78,0.0
12,79,0.0
12,80,0.0
12,81,0.0
12,82,0.0
12,83,0.0
12,84,0.0
12,85,0.0
12,86,0.0
12,87,0.0
12,88,0.0
12,89,0.0
12,90,0.0
12,91,0.0
12,92,0.0
12,93,0.0
12,94,0.0
12,95,0.0
12,96,0.0
12,97,0.0
12,98,0.0
12,99,0.0
12,100,0.0
12,101,0.0
12,102,0.0
12,103,0.0
12,104,0.0
12,105,0.0
12,106,0.0
12,107,0.0
12,108,0.0
12,109,0.0
12,110,0.0
12,111,0.0
12,112,0.0
12,113,0.0
12,114,0.0
12,115,0.0
12,116,0.0
12,117,0.0
12,118,0.0
12,119,0.0
12,120,0.0
12,121,0.0
12,122,0.0
12,123,0.0
12,124,0.0
12,125,0.0
12,126,0.0
12,127,0.0
12,128,0.0
12,129,0.0
12,130,0.0
12,131,0.0
12,132,0.0
12,133,0.0
12,134,0.0
12,135,0.0
12,136,0.0
12,137,0.0
12,138,0.0
12,139,0.0
12,140,0.0
12,141,0.0
12,142,0.0
12,143,0.0
12,144,0.0
12,145,0.0
12,146,0.0
12,147,0.0
12,148,0.0
12,149,0.0
13,0,0.939199882001
13,1,0.988860078821
13,2,0.848238206789
13,3,0.85164930986
13,4,0.571336768121
13,5,0.919137796599
13,6,0.566598607963
13,7,0.511143708125
13,8,0.736678888262
13,9,0.495607757923
13,10,0.832523069955
13,11,0.94753850045
13,12,0.803798603788
13,13,1.0
13,14,0.827262971555
13,15,0.826446272501
13,16,0.565714008012
13,17,0.594969689486
13,18,0.411575999872
13,19,0.940509604868
13,20,0.636366241604
13,21,0.684347508431
13,22,0.989200654055
13,23,0.930299767098
13,24,0.54550750538
13,25,0.365264059059
13,26,0.819988661785
13,27,0.843011371392
13,28,0.853705803726
13,29,0.872646479486
13,30,0.608586192203
13,31,0.490401864123
13,32,0.767216733547
13,33,0.347376273231
13,34,0.750855754314
13,35,0.890137452371
13,36,0.842524296079
13,37,0.587463111822
13,38,0.584523914358
13,39,0.460927187212
13,40,0.77317261854
13,41,0.389833747922
13,42,0.526371516211
13,43,0.88196963499
13,44,0.711544765732
13,45,0.621533978607
13,46,0.490278563448
13,47,0.54910051694
13,48,0.690901862622
13,49,0.564553105035
13,50,0.0
13,51,0.0
13,52,0.0
13,53,0.0
13,54,0.0
13,55,0.0
13,56,0.0
13,57,0.0
13,58,0.0
13,59,0.0
13,60,0.0
13,61,0.0
13,62,0.0
13,63,0.0
13,64,0.0
13,65,0.0
13,66,0.0
13,67,0.0
13,68,0.0
13,69,0.0
13,70,0.0
13,71,0.0
13,72,0.0
13,73,0.0
13,74,0.0
13,75,0.0
13,76,0.0
13,77,0.0
13,78,0.0
13,79,0.0
13,80,0.0
13,81,0.0
13,82,0.0
13,83,0.0
13,84,0.0
13,85,0.0
13,86,0.0
13,87,0.0
13,88,0.0
13,89,0.0
13,90,0.0
13,91,0.0
13,92,0.0
13,93,0.0
13,94,0.0
13,95,0.0
13,96,0.0
13,97,0.0
13,98,0.0
13,99,0.0
13,100,0.0
13,101,0.0
13,102,0.0
13,103,0.0
13,104,0.0
13,105,0.0
13,106,0.0
13,107,0.0
13,108,0.0
13,109,0.0
13,110,0.0
13,111,0.0
13,112,0.0
13,113,0.0
13,114,0.0
13,115,0.0
13,116,0.0
13,117,0.0
13,118,0.0
13,119,0.0
13,120,0.0
13,121,0.0
13,122,0.0
13,123,0.0
13,124,0.0
13,125,0.0
13,126,0.0
13,127,0.0
13,128,0.0
13,129,0.0
13,130,0.0
13,131,0.0
13,132,0.0
13,133,0.0
13,134,0.0
13,135,0.0
13,136,0.0
13,137,0.0
13,138,0.0
13,139,0.0
13,140,0.0
13,141,0.0
13,142,0.0
13,143,0.0
13,144,0.0
13,145,0.0
13,146,0.0
13,147,0.0
13,148,0.0
13,149,0.0
14,0,0.853578882574
14,1,0.793687475305
14,2,0.938662548856
14,3,0.846373971568
14,4,0.788975363419
14,5,0.90104203329
14,6,0.86131214439
14,7,0.854650428973
14,8,0.860069333428
14,9,0.817281379027
14,10,0.917214868153
14,11,0.959499128802
14,12,0.998045601875
14,13,0.827262971555
14,14,1.0
14,15,0.977664784154
14,16,0.902016895532
14,17,0.918579526443
14,18,0.650068648959
14,19,0.833933400657
14,20,0.945456691171
14,21,0.83377770442
14,22,0.881229320049
14,23,0.969719947712
14,24,0.888313480727
14,25,0.723052689983
14,26,0.871086735507
14,27,0.999068802587
14,28,0.996650245072
14,29,0.994212244006
14,30,0.9291491736
14,31,0.802880433324
14,32,0.954551901043
14,33,0.687291935694
14,34,0.989411344049
14,35,0.984492368816
14,36,0.997480251382
14,37,0.876852514495
14,38,0.883822446971
14,39,0.793993750764
14,40,0.994591499372
14,41,0.733443238077
14,42,0.778574985937
14,43,0.992692463746
14,44,0.976902753195
14,45,0.907878906977
14,46,0.805493601309
14,47,0.891387370371
14,48,0.877553990605
14,49,0.902068572946
14,50,0.0
14,51,0.0
14,52,0.0
14,53,0.0
14,54,0.0
14,55,0.0
14,56,0.0
14,57,0.0
14,58,0.0
14,59,0.0
14,60,0.0
14,61,0.0
14,62,0.0
14,63,0.0
14,64,0.0
14,65,0.0
14,66,0.0
14,67,0.0
14,68,0.0
14,69,0.0
14,70,0.0
14,71,0.0
14,72,0.0
14,73,0.0
14,74,0.0
14,75,0.0
14,76,0.0
14,77,0.0
14,78,0.0
14,79,0.0
14,80,0.0
14,81,0.0
14,82,0.0
14,83,0.0
14,84,0.0
14,85,0.0
14,86,0.0
14,87,0.0
14,88,0.0
14,89,0.0
14,90,0.0
14,91,0.0
14,92,0.0
14,93,0.0
14,94,0.0
14,95,0.0
14,96,0.0
14,97,0.0
14,98,0.0
14,99,0.0
14,100,0.0
14,101,0.0
14,102,0.0
14,103,0.0
14,104,0.0
14,105,0.0
14,106,0.0
14,107,0.0
14,108,0.0
14,109,0.0
14,110,0.0
14,111,0.0
14,112,0.0
14,113,0.0
14,114,0.0
14,115,0.0
14,116,0.0
14,117,0.0
14,118,0.0
14,119,0.0
14,120,0.0
14,121,0.0
14,122,0.0
14,123,0.0
14,124,0.0
14,125,0.0
14,126,0.0
14,127,0.0
14,128,0.0
14,129,0.0
14,130,0.0
14,131,0.0
14,132,0.0
14,133,0.0
14,134,0.0
14,135,0.0
14,136,0.0
14,137,0.0
14,138,0.0
14,139,0.0
14,140,0.0
14,141,0.0
14,142,0.0
14,143,0.0
14,144,0.0
14,145,0.0
14,146,0.0
14,147,0.0
14,148,0.0
14,149,0.0
15,0,0.793217848638
15,1,0.81816750036
15,2,0.861469324638
15,3,0.756312428962
15,4,0.877960085435
15,5,0.950236183883
15,6,0.903883737418
15,7,0.788002506699
15,8,0.944730826809
15,9,0.851236699061
15,10,0.97776167694
15,11,0.947700008728
15,12,0.983479310817
15,13,0.826446272501
15,14,0.977664784154
15,15,1.0
15,16,0.856548498827
15,17,0.906201894405
15,18,0.527058650742
15,19,0.889568953766
15,20,0.913676981938
15,21,0.924548840926
15,22,0.861137602316
15,23,0.944078879804
15,24,0.844519265717
15,25,0.675279283187
15,26,0.949076795901
15,27,0.983781972604
15,28,0.988532614882
15,29,0.985282792232
15,30,0.907117435646
15,31,0.703044134018
15,32,0.874655561244
15,33,0.609486809241
15,34,0.970852128422
15,35,0.946898835718
15,36,0.963650791808
15,37,0.917562708306
15,38,0.79461566444
15,39,0.820621582065
15,40,0.963788008543
15,41,0.748118588296
15,42,0.659797497211
15,43,0.981689497805
15,44,0.935698565261
15,45,0.822084344218
15,46,0.70725000649
15,47,0.852205856964
15,48,0.951027547698
15,49,0.873348613208
15,50,0.0
15,51,0.0
15,52,0.0
15,53,0.0
15,54,0.0
15,55,0.0
15,56,0.0
15,57,0.0
15,58,0.0
15,59,0.0
15,60,0.0
15,61,0.0
15,62,0.0
15,63,0.0
15,64,0.0
15,65,0.0
15,66,0.0
15,67,0.0
15,68,0.0
15,69,0.0
15,70,0.0
15,71,0.0
15,72,0.0
15,73,0.0
15,74,0.0
15,75,0.0
15,76,0.0
15,77,0.0
15,78,0.0
15,79,0.0
15,80,0.0
15,81,0.0
15,82,0.0
15,83,0.0
15,84,0.0
15,85,0.0
15,86,0.0
15,87,0.0
15,88,0.0
15,89,0.0
15,90,0.0
15,91,0.0
15,92,0.0
15,93,0.0
15,94,0.0
15,95,0.0
15,96,0.0
15,97,0.0
15,98,0.0
15,99,0.0
15,100,0.0
15,101,0.0
15,102,0.0
15,103,0.0
15,104,0.0
15,105,0.0
15,106,0.0
15,107,0.0
15,108,0.0
15,109,0.0
15,110,0.0
15,111,0.0
15,112,0.0
15,113,0.0
15,114,0.0
15,115,0.0
15,116,0.0
15,117,0.0
15,118,0.0
15,119,0.0
15,120,0.0
15,121,0.0
15,122,0.0
15,123,0.0
15,124,0.0
15,125,0.0
15,126,0.0
15,127,0.0
15,128,0.0
15,129,0.0
15,130,0.0
15,131,0.0
15,132,0.0
15,133,0.0
15,134,0.0
15,135,0.0
15,136,0.0
15,137,0.0
15,138,0.0
15,139,0.0
15,140,0.0
15,141,0.0
15,142,0.0
15,143,0.0
15,144,0.0
15,145,0.0
15,146,0.0
15,147,0.0
15,148,0.0
15,149,0.0
16,0,0.638063654141
16,1,0.526141547833
16,2,0.810451289366
16,3,0.68237494325
16,4,0.752305343287
16,5,0.684064546417
16,6,0.895295822313
16,7,0.988937825502
16,8,0.730470787208
16,9,0.902338695424
16,10,0.754307336725
16,11,0.760482239365
16,12,0.915430903313
16,13,0.565714008012
16,14,0.902016895532
16,15,0.856548498827
16,16,1.0
16,17,0.983755333895
16,18,0.751080017148
16,19,0.587352548899
16,20,0.991380997263
16,21,0.727899714106
16,22,0.639561220042
16,23,0.788060692566
16,24,0.99935167234
16,25,0.939976203739
16,26,0.693392544691
16,27,0.886619260083
16,28,0.87312318705
16,29,0.856193497877
16,30,0.990307353609
16,31,0.929661325929
16,32,0.89640110175
16,33,0.907336811334
16,34,0.948012156336
16,35,0.837664768641
16,36,0.889718219892
16,37,0.900432894619
16,38,0.959260619033
16,39,0.906448613004
16,40,0.94034095323
16,41,0.895230155202
16,42,0.846974489226
16,43,0.848056136765
16,44,0.970927863669
16,45,0.95932573816
16,46,0.93424594772
16,47,0.998884600372
16,48,0.794719878015
16,49,0.995683034702
16,50,0.0
16,51,0.0
16,52,0.0
16,53,0.0
16,54,0.0
16,55,0.0
16,56,0.0
16,57,0.0
16,58,0.0
16,59,0.0
16,60,0.0
16,61,0.0
16,62,0.0
16,63,0.0
16,64,0.0
16,65,0.0
16,66,0.0
16,67,0.0
16,68,0.0
16,69,0.0
16,70,0.0
16,71,0.0
16,72,0.0
16,73,0.0
16,74,0.0
16,75,0.0
16,76,0.0
16,77,0.0
16,78,0.0
16,79,0.0
16,80,0.0
16,81,0.0
16,82,0.0
16,83,0.0
16,84,0.0
16,85,0.0
16,86,0.0
16,87,0.0
16,88,0.0
16,89,0.0
16,90,0.0
16,91,0.0
16,92,0.0
16,93,0.0
16,94,0.0
16,95,0.0
16,96,0.0
16,97,0.0
16,98,0.0
16,99,0.0
16,100,0.0
16,101,0.0
16,102,0.0
16,103,0.0
16,104,0.0
16,105,0.0
16,106,0.0
16,107,0.0
16,108,0.0
16,109,0.0
16,110,0.0
16,111,0.0
16,112,0.0
16,113,0.0
16,114,0.0
16,115,0.0
16,116,0.0
16,117,0.0
16,118,0.0
16,119,0.0
16,120,0.0
16,121,0.0
16,122,0.0
16,123,0.0
16,124,0.0
16,125,0.0
16,126,0.0
16,127,0.0
16,128,0.0
16,129,0.0
16,130,0.0
16,131,0.0
16,132,0.0
16,133,0.0
16,134,0.0
16,135,0.0
16,136,0.0
16,137,0.0
16,138,0.0
16,139,0.0
16,140,0.0
16,141,0.0
16,142,0.0
16,143,0.0
16,144,0.0
16,145,0.0
16,146,0.0
16,147,0.0
16,148,0.0
16,149,0.0
17,0,0.629860667826
17,1,0.568533391241
17,2,0.785938361167
17,3,0.649941520476
17,4,0.848340624002
17,5,0.747542295735
17,6,0.958341643789
17,7,0.947756934854
17,8,0.820132345895
17,9,0.956926133643
17,10,0.827997772805
17,11,0.786271459074
17,12,0.937382401268
17,13,0.594969689486
17,14,0.918579526443
17,15,0.906201894405
17,16,0.983755333895
17,17,1.0
17,18,0.64863769933
17,19,0.650415043733
17,20,0.992163233313
17,21,0.822324837737
17,22,0.658623786056
17,23,0.804246517799
17,24,0.983279427176
17,25,0.904634523842
17,26,0.776055773666
17,27,0.908946216549
17,28,0.900996257466
17,29,0.883726851328
17,30,0.998442427941
17,31,0.854437711689
17,32,0.864296246356
17,33,0.836653439499
17,34,0.965177241102
17,35,0.844439301173
17,36,0.897884223011
17,37,0.962230046232
17,38,0.903801034977
17,39,0.953592242153
17,40,0.94837289965
17,41,0.928482174706
17,42,0.760577353625
17,43,0.874195399369
17,44,0.967460975967
17,45,0.910394972869
17,46,0.860466116601
17,47,0.987500571049
17,48,0.879566429316
17,49,0.995232883594
17,50,0.0
17,51,0.0
17,52,0.0
17,53,0.0
17,54,0.0
17,55,0.0
17,56,0.0
17,57,0.0
17,58,0.0
17,59,0.0
17,60,0.0
17,61,0.0
17,62,0.0
17,63,0.0
17,64,0.0
17,65,0.0
17,66,0.0
17,67,0.0
17,68,0.0
17,69,0.0
17,70,0.0
17,71,0.0
17,72,0.0
17,73,0.0
17,74,0.0
17,75,0.0
17,76,0.0
17,77,0.0
17,78,0.0
17,79,0.0
17,80,0.0
17,81,0.0
17,82,0.0
17,83,0.0
17,84,0.0
17,85,0.0
17,86,0.0
17,87,0.0
17,88,0.0
17,89,0.0
17,90,0.0
17,91,0.0
17,92,0.0
17,93,0.0
17,94,0.0
17,95,0.0
17,96,0.0
17,97,0.0
17,98,0.0
17,99,0.0
17,100,0.0
17,101,0.0
17,102,0.0
17,103,0.0
17,104,0.0
17,105,0.0
17,106,0.0
17,107,0.0
17,108,0.0
17,109,0.0
17,110,0.0
17,111,0.0
17,112,0.0
17,113,0.0
17,114,0.0
17,115,0.0
17,116,0.0
17,117,0.0
17,118,0.0
17,119,0.0
17,120,0.0
17,121,0.0
17,122,0.0
17,123,0.0
17,124,0.0
17,125,0.0
17,126,0.0
17,127,0.0
17,128,0.0
17,129,0.0
17,130,0.0
17,131,0.0
17,132,0.0
17,133,0.0
17,134,0.0
17,135,0.0
17,136,0.0
17,137,0.0
17,138,0.0
17,139,0.0
17,140,0.0
17,141,0.0
17,142,0.0
17,143,0.0
17,144,0.0
17,145,0.0
17,146,0.0
17,147,0.0
17,148,0.0
17,149,0.0
18,0,0.589783371051
18,1,0.344213016026
18,2,0.74886257747
18,3,0.711682966547
18,4,0.329562640213
18,5,0.393644219057
18,6,0.473988272002
18,7,0.817116408723
18,8,0.348571153479
18,9,0.481765558925
18,10,0.406440360901
18,11,0.550236897853
18,12,0.637275488687
18,13,0.411575999872
18,14,0.650068648959
18,15,0.527058650742
18,16,0.751080017148
18,17,0.64863769933
18,18,1.0
18,19,0.331931498713
18,20,0.710433956404
18,21,0.332414118975
18,22,0.495358693748
18,23,0.596660292442
18,24,0.74382422081
18,25,0.713213178279
18,26,0.348234779166
18,27,0.62549998087
18,28,0.602174039508
18,29,0.595637741348
18,30,0.679754270179
18,31,0.929833887424
18,32,0.810866465383
18,33,0.830002730812
18,34,0.660998378509
18,35,0.653622527606
18,36,0.672592246509
18,37,0.483689601639
18,38,0.888426315279
18,39,0.492652572341
18,40,0.689777471748
18,41,0.499980020726
18,42,0.975957640171
18,43,0.5961836514
18,44,0.731684269725
18,45,0.872839701428
18,46,0.924562818101
18,47,0.729109620955
18,48,0.390477887449
18,49,0.69702020035
18,50,0.0
18,51,0.0
18,52,0.0
18,53,0.0
18,54,0.0
18,55,0.0
18,56,0.0
18,57,0.0
18,58,0.0
18,59,0.0
18,60,0.0
18,61,0.0
18,62,0.0
18,63,0.0
18,64,0.0
18,65,0.0
18,66,0.0
18,67,0.0
18,68,0.0
18,69,0.0
18,70,0.0
18,71,0.0
18,72,0.0
18,73,0.0
18,74,0.0
18,75,0.0
18,76,0.0
18,77,0.0
18,78,0.0
18,79,0.0
18,80,0.0
18,81,0.0
18,82,0.0
18,83,0.0
18,84,0.0
18,85,0.0
18,86,0.0
18,87,0.0
18,88,0.0
18,89,0.0
18,90,0.0
18,91,0.0
18,92,0.0
18,93,0.0
18,94,0.0
18,95,0.0
18,96,0.0
18,97,0.0
18,98,0.0
18,99,0.0
18,100,0.0
18,101,0.0
18,102,0.0
18,103,0.0
18,104,0.0
18,105,0.0
18,106,0.0
18,107,0.0
18,108,0.0
18,109,0.0
18,110,0.0
18,111,0.0
18,112,0.0
18,113,0.0
18,114,0.0
18,115,0.0
18,116,0.0
18,117,0.0
18,118,0.0
18,119,0.0
18,120,0.0
18,121,0.0
18,122,0.0
18,123,0.0
18,124,0.0
18,125,0.0
18,126,0.0
18,127,0.0
18,128,0.0
18,129,0.0
18,130,0.0
18,131,0.0
18,132,0.0
18,133,0.0
18,134,0.0
18,135,0.0
18,136,0.0
18,137,0.0
18,138,0.0
18,139,0.0
18,140,0.0
18,141,0.0
18,142,0.0
18,143,0.0
18,144,0.0
18,145,0.0
18,146,0.0
18,147,0.0
18,148,0.0
18,149,0.0
19,0,0.808280384548
19,1,0.969310544792
19,2,0.755252780073
19,3,0.705914685846
19,4,0.732998048497
19,5,0.98643731059
19,6,0.680139452525
19,7,0.513132917975
19,8,0.884436068345
19,9,0.601079847061
19,10,0.938263686735
19,11,0.924926890311
19,12,0.826480258805
19,13,0.940509604868
19,14,0.833933400657
19,15,0.889568953766
19,16,0.587352548899
19,17,0.650415043733
19,18,0.331931498713
19,19,1.0
19,20,0.666311782434
19,21,0.843750654044
19,22,0.916769883102
19,23,0.894656967971
19,24,0.570690206984
19,25,0.391856675159
19,26,0.947133711149
19,27,0.854870698774
19,28,0.87210384012
19,29,0.884354971986
19,30,0.652416587914
19,31,0.451122437646
19,32,0.703540334658
19,33,0.343305634964
19,34,0.77943687858
19,35,0.853448237964
19,36,0.828739173746
19,37,0.698505297079
19,38,0.548588203204
19,39,0.558850670077
19,40,0.781704521417
19,41,0.474184342065
19,42,0.447198679684
19,43,0.887853803819
19,44,0.718946358036
19,45,0.584403216241
19,46,0.453383438981
19,47,0.579074453275
19,48,0.830871150225
19,49,0.604731522577
19,50,0.0
19,51,0.0
19,52,0.0
19,53,0.0
19,54,0.0
19,55,0.0
19,56,0.0
19,57,0.0
19,58,0.0
19,59,0.0
19,60,0.0
19,61,0.0
19,62,0.0
19,63,0.0
19,64,0.0
19,65,0.0
19,66,0.0
19,67,0.0
19,68,0.0
19,69,0.0
19,70,0.0
19,71,0.0
19,72,0.0
19,73,0.0
19,74,0.0
19,75,0.0
19,76,0.0
19,77,0.0
19,78,0.0
19,79,0.0
19,80,0.0
19,81,0.0
19,82,0.0
19,83,0.0
19,84,0.0
19,85,0.0
19,86,0.0
19,87,0.0
19,88,0.0
19,89,0.0
19,90,0.0
19,91,0.0
19,92,0.0
19,93,0.0
19,94,0.0
19,95,0.0
19,96,0.0
19,97,0.0
19,98,0.0
19,99,0.0
19,100,0.0
19,101,0.0
19,102,0.0
19,103,0.0
19,104,0.0
19,105,0.0
19,106,0.0
19,107,0.0
19,108,0.0
19,109,0.0
19,110,0.0
19,111,0.0
19,112,0.0
19,113,0.0
19,114,0.0
19,115,0.0
19,116,0.0
19,117,0.0
19,118,0.0
19,119,0.0
19,120,0.0
19,121,0.0
19,122,0.0
19,123,0.0
19,124,0.0
19,125,0.0
19,126,0.0
19,127,0.0
19,128,0.0
19,129,0.0
19,130,0.0
19,131,0.0
19,132,0.0
19,133,0.0
19,134,0.0
19,135,0.0
19,136,0.0
19,137,0.0
19,138,0.0
19,139,0.0
19,140,0.0
19,141,0.0
19,142,0.0
19,143,0.0
19,144,0.0
19,145,0.0
19,146,0.0
19,147,0.0
19,148,0.0
19,149,0.0
