0	1.0,0.457800905365,0.0123568,0.0502913641763,0.0358707590259,0.324184412241,0.0239849948563,0.0127133672823,0.163090368558,0.0653293050089,0.0,0.00620788975471,0.00421209572467,0.0542886253319,0.125997973905,0.0982167156261,0.0,0.0366168408144,0.112503682079,0.0,0.0692366152634,0.336275964872,0.0427217782222,0.344645756547,0.0625288047454,0.203219429124,0.030590686574,0.0211670002482,0.0116986534971,0.196656874246,0.408614936723,0.0,0.0271252386948,0.22211335809,0.061322492423,0.0,0.0264619531056,0.0127552230054,0.0950363168023,0.383981707295,0.0,0.0128054564656,0.0102393199322,0.0854682104661,0.124694983705,0.0426346678636,0.592157136805,0.0755547543819,0.0147698358705,0.0204641300984,0.0,0.0162059922449,0.0,0.0,0.0,0.0,0.0,0.0,0.0,0.00966048175551,0.0,0.0,0.0,0.0,0.00715492761028,0.0,0.0,0.0,0.0,0.0,0.0,0.0,0.0,0.0,0.0,0.0,0.0,0.0,0.00687583310449,0.0,0.0,0.0,0.0,0.0,0.0,0.0,0.0,0.0,0.0,0.0,0.0,0.0,0.0165746553377,0.0,0.0,0.0,0.0,0.0,0.0,0.0,0.0,0.0,0.0,0.0,0.0,0.0,0.0,0.0,0.0,0.0,0.0,0.0,0.0,0.0,0.0,0.0,0.0,0.0,0.0,0.0,0.0,0.0,0.0,0.0,0.0,0.0,0.0,0.0,0.0,0.0,0.0,0.0,0.0,0.0,0.0,0.0,0.0,0.0,0.0,0.0,0.0,0.0,0.0,0.0,0.0,0.0,0.0,0.0,0.0,0.0
1	0.457800905365,1.8356594839490001,0.214765228053,0.475696783871,0.352142384164,0.716402121456,0.333512500033,0.179407261802,0.800965340667,0.554336752591,0.0365159967772,0.0822296080717,0.0733290285791,0.484718003489,0.667144996063,0.606794156557,0.0668229463454,0.416370649054,0.559429546379,0.0401881458774,0.377084746748,0.360542510467,0.151624237715,0.900635162429,0.342394230766,0.334366512458,0.300897691108,0.260208030181,0.21501332982,0.615220894001,0.0,0.0,0.355808773871,0.822758702502,0.499919294815,0.00638549005894,0.350877614707,0.110237334154,0.603660344328,0.552066310763,0.013196732868,0.154614137815,0.116901021258,0.354946462177,0.593675680645,0.0946193098603,0.635782630377,0.580817465238,0.253802598111,0.302556442893,0.0,0.0279853098424,0.0,0.0,0.0,0.0,0.0,0.0,0.0,0.045424677444,0.0,0.0,0.0,0.0,0.0105556518215,0.0,0.0,0.0,0.0160122994816,0.0,0.0,0.0,0.0,0.00492277425319,0.0,0.0,0.0,0.0,0.0275843488747,0.0,0.0,0.0,0.0,0.0,0.0,0.0,0.0,0.0,0.0,0.0,0.0,0.0,0.00667200587726,0.0,0.0,0.00548637385487,0.0,0.0,0.0,0.0,0.0,0.0,0.0,0.0,0.0,0.0,0.0,0.0,0.0,0.0,0.0,0.0,0.0,0.0,0.0,0.0,0.0,0.0,0.0,0.0,0.0,0.0,0.0,0.0,0.0,0.0,0.0,0.0,0.0,0.0,0.0,0.0,0.0,0.0,0.0,0.0,0.0,0.0,0.0,0.0,0.0,0.0,0.0,0.0,0.0,0.0,0.0,0.0,0.0,0.0
2	0.0123568,0.214765228053,1.7722960682985,0.864059093394,0.876846960209,0.248653556211,0.865173808988,0.85676314429,0.461807738942,0.737220112906,0.254952745247,0.510448054391,0.605192556559,0.858599100495,0.636263069927,0.710050134735,0.625033383198,0.847009430096,0.58181612381,0.0,0.535905915091,0.0,0.183122613,0.31418612761,0.51175872598,0.11330963693,0.82975485299,0.915612916719,0.987013365542,0.363920766385,0.230943766369,0.251939063846,0.874089559327,0.462755417276,0.831687032117,0.146372596676,0.772811745625,0.406493955171,0.722542952577,0.122799228779,0.0561783095275,0.698200444167,0.558512947321,0.384283496861,0.568191554883,0.0713908773451,0.0821363625112,0.567952962127,0.912287976408,0.723313359101,0.0,0.0200710729209,0.0,0.00555282392397,0.0,0.0,0.0,0.0,0.0,0.106319277041,0.0,0.0,0.0,0.0,0.00742371067832,0.0,0.0,0.0,0.210384305995,0.0,0.00659625674058,0.0,0.0,0.00786666668313,0.0,0.0,0.0,0.0,0.0594510855636,0.0,0.0,0.0,0.0,0.0,0.0,0.0,0.023261871586,0.0,0.0,0.0,0.0,0.0,0.0,0.00624950505626,0.0,0.0106859402417,0.0,0.0,0.0,0.0,0.0,0.0,0.0,0.0,0.0,0.0,0.0,0.0,0.0,0.0,0.0,0.0,0.0,0.0,0.0,0.0,0.00828216269829,0.0,0.0,0.0,0.0,0.0,0.0,0.0,0.0,0.0,0.0,0.0,0.0,0.0,0.0,0.0,0.0,0.0,0.0,0.0,0.0,0.0,0.0,0.0,0.0,0.0,0.0,0.0,0.0,0.0,0.0,0.0,0.0,0.0
3	0.0502913641763,0.475696783871,0.864059093394,1.136217689124,0.895985498772,0.452426775818,0.918862741077,0.708637286334,0.773753333865,0.95393540174,0.175052155472,0.374991632991,0.412807638295,0.99485911855,0.87619191643,0.920884407223,0.412008442427,0.963294184779,0.765307170372,0.398767727813,0.62858267844,0.0,0.214569561114,0.58593427837,0.58838342713,0.198644853282,0.813076770245,0.84055257834,0.865554777634,0.56142618584,0.456054853879,0.0888082927335,0.940682497327,0.748861234008,0.974752023164,0.0694031937797,0.871607550173,0.346003598108,0.932479923521,0.250769620477,0.0427181552395,0.576477064174,0.446509699546,0.483063624773,0.768174581618,0.0942818433551,0.200434215193,0.82152800141,0.875733701673,0.802406204846,0.0,0.0260061977516,0.0,0.0,0.0,0.0,0.0,0.0,0.0,0.0991053266342,0.0,0.0,0.0,0.0,0.00945658083803,0.0,0.0,0.0,0.118837666408,0.0,0.00472206319544,0.0,0.0,0.00773886161849,0.0,0.0,0.0,0.0,0.055905800071,0.0,0.0,0.0,0.0,0.0,0.0,0.0,0.0115215890007,0.0,0.0,0.0,0.0,0.0,0.0,0.0060027178216,0.0,0.00994661533517,0.0,0.0,0.0,0.0,0.0,0.0,0.0,0.0,0.0,0.0,0.0,0.0,0.0,0.0,0.0,0.0,0.0,0.0,0.0,0.0,0.0,0.0,0.0,0.0,0.0,0.0,0.0,0.0,0.0,0.0,0.0,0.0,0.0,0.0,0.0,0.0,0.0,0.0,0.0,0.0,0.0,0.0,0.0,0.0,0.0,0.0,0.0,0.0,0.0,0.0,0.0,0.0,0.0,0.0
4	0.0358707590259,0.352142384164,0.876846960209,0.895985498772,1.445632378142,0.490851399615,0.731452768841,0.917090959188,0.543268519833,0.742781689488,0.376096189009,0.644172821724,0.669466552034,0.92861733513,0.858681913367,0.905637948421,0.658474009498,0.778310514131,0.8612269323,0.536052206692,0.829746735969,0.182972774671,0.391349850024,0.533753400836,0.804893634515,0.289518255494,0.98483394288,0.980550263195,0.817876773939,0.651506824317,0.0,0.136395050588,0.762026628625,0.696151602863,0.952216829039,0.175890365478,0.638049389,0.610995429377,0.906997562463,0.298592377748,0.121325549204,0.841571391108,0.724793770145,0.680963807911,0.845702410482,0.192796573732,0.208509200413,0.552008266221,0.727133319664,0.559411434853,0.0,0.0666729000891,0.00425148393079,0.0144161609216,0.0,0.0,0.0,0.00599406788615,0.0,0.230634841385,0.0,0.0,0.0,0.00419388744619,0.0282226695462,0.0,0.0,0.0,0.27557589743,0.0,0.0187794805476,0.0,0.0,0.0263765800428,0.0,0.0,0.0,0.0,0.144024586008,0.0,0.00438847276153,0.0,0.00738962415212,0.0,0.0,0.0,0.0418309279304,0.0,0.0,0.0,0.0,0.0,0.00457670669716,0.0213227003915,0.0,0.0334049955359,0.0,0.0,0.00710666188619,0.0,0.0,0.0,0.0,0.0,0.0,0.0,0.0,0.0,0.0,0.0,0.0,0.0,0.0,0.0,0.0,0.0,0.00456598563325,0.0,0.0,0.0,0.0,0.0,0.0,0.0,0.0,0.0,0.0,0.0,0.0,0.0,0.0,0.0,0.0,0.0,0.0,0.0,0.0,0.0,0.0,0.0,0.0,0.0,0.0,0.0,0.0,0.0,0.0,0.0,0.0,0.0
5	0.324184412241,0.716402121456,0.248653556211,0.452426775818,0.490851399615,1.0,0.254648439116,0.3198500919,0.508928501813,0.414158729327,0.158729402937,0.240888313885,0.192471782614,0.49612969895,0.756842294069,0.688953099058,0.170334111785,0.328521968428,0.809664691599,0.0740688040118,0.718870194663,0.748949744729,0.515802121449,0.92123671595,0.694563608335,0.789340941423,0.483794380059,0.388825747335,0.2193640319,0.954448884498,0.974268034739,0.00687076742578,0.280649203243,0.861611862897,0.555731450254,0.0360862985231,0.231808947115,0.343835230515,0.671706115863,0.919901947419,0.0954518622183,0.341992095082,0.311788306534,0.765973542741,0.828177914739,0.399371970097,0.845239575797,0.336603513944,0.207086792613,0.182877534949,0.0,0.176807919257,0.0172969856148,0.0109435980998,0.0,0.0,0.0,0.0120789052527,0.0,0.234217900489,0.00863759651474,0.0,0.0054950128869,0.0041356883826,0.0874195435153,0.0130945990566,0.0,0.0,0.0784088495191,0.0103809089411,0.0196834712928,0.0,0.0,0.0505264493715,0.0,0.0,0.0,0.0,0.170777602281,0.0,0.00658881412728,0.0,0.00810695746354,0.0,0.0,0.0,0.0153253034021,0.0,0.0,0.0,0.0,0.0,0.0488556550719,0.0405793158538,0.0,0.0545693534379,0.0,0.015141404833,0.0191736539297,0.0,0.0,0.0,0.0,0.0,0.0,0.0,0.0,0.0,0.0,0.0,0.0,0.0,0.0,0.0,0.0,0.0,0.0,0.0,0.0,0.0,0.0,0.0,0.0,0.0,0.0,0.0,0.0,0.0,0.0,0.0,0.0,0.0,0.0,0.0,0.0,0.0,0.0,0.0,0.0,0.0,0.0,0.0,0.0,0.0,0.0,0.0,0.0,0.0,0.0,0.0
6	0.0239849948563,0.333512500033,0.865173808988,0.918862741077,0.731452768841,0.254648439116,1.0,0.58331715752,0.690879239655,0.924683568561,0.10228058167,0.257453857852,0.314701396329,0.879292676163,0.65697644231,0.717332941201,0.325992768048,0.986261406489,0.52084000205,0.413414133578,0.399168739928,0.0560787126522,0.100957060991,0.381435213257,0.366470534039,0.087183334677,0.633200511992,0.709091448385,0.916695768977,0.332640791592,0.26737224159,0.112312639066,0.99809986511,0.527595826405,0.819342008551,0.044903691563,0.983783738787,0.209164378267,0.736340208783,0.119540798442,0.0179457409197,0.424765154823,0.304810090461,0.275113654365,0.523552014241,0.0367248530979,0.095797067007,0.845703583193,0.982661096473,0.958589009932,0.0,0.00831822061712,0.0,0.0,0.0,0.0,0.0,0.0,0.0,0.0435348406725,0.0,0.0,0.0,0.0,0.0,0.0,0.0,0.0,0.0740040226123,0.0,0.0,0.0,0.0,0.0,0.0,0.0,0.0,0.0,0.0222085760131,0.0,0.0,0.0,0.0,0.0,0.0,0.0,0.00517846344459,0.0,0.0,0.0,0.0,0.0,0.0,0.0,0.0,0.0,0.0,0.0,0.0,0.0,0.0,0.0,0.0,0.0,0.0,0.0,0.0,0.0,0.0,0.0,0.0,0.0,0.0,0.0,0.0,0.0,0.0,0.0,0.0,0.0,0.0,0.0,0.0,0.0,0.0,0.0,0.0,0.0,0.0,0.0,0.0,0.0,0.0,0.0,0.0,0.0,0.0,0.0,0.0,0.0,0.0,0.0,0.0,0.0,0.0,0.0,0.0,0.0,0.0,0.0
7	0.0127133672823,0.179407261802,0.85676314429,0.708637286334,0.917090959188,0.3198500919,0.58331715752,1.267124654666,0.319063216235,0.524690155698,0.544461473354,0.829830941232,0.882169842795,0.744467993695,0.633962437681,0.692940442819,0.880433654618,0.599818611652,0.684997892367,0.739307652062,0.745168143382,0.116761048471,0.393523145848,0.322681707498,0.74033604878,0.213573770315,0.951920894249,0.971235501348,0.772946275186,0.477865505036,0.0,0.257820009624,0.606774528066,0.45987847929,0.770487149685,0.333695019829,0.477416937056,0.73013180552,0.693290089083,0.188058999001,0.182505459171,0.957887770465,0.872005985359,0.601251544026,0.657086542572,0.18831881082,0.113094838931,0.347444869853,0.623672337366,0.415462866725,0.0,0.0712299274581,0.0054434384606,0.0284668760005,0.0,0.0,0.0,0.00960059913598,0.0,0.287928088241,0.00490033754945,0.0,0.0,0.00869032983033,0.0321008989307,0.0,0.0,0.00619853004353,0.458355089687,0.00473310887941,0.032880559589,0.0,0.0,0.0364548258563,0.0,0.0,0.0,0.0,0.18533602596,0.0,0.00798161527088,0.0,0.0140632544507,0.0,0.0,0.0,0.0877017646048,0.0,0.0,0.0,0.0,0.0,0.0,0.0303107242583,0.0,0.0474175608163,0.0,0.0,0.0100828451876,0.0,0.0,0.0,0.0,0.0,0.0,0.0,0.0,0.0,0.0,0.0,0.0,0.0,0.0,0.0,0.0,0.0,0.0161783961505,0.0,0.0,0.0,0.0,0.0,0.0,0.0,0.0,0.0,0.0,0.0,0.0,0.0,0.0,0.00486521499972,0.0,0.0,0.0,0.0,0.0,0.0,0.0,0.0,0.0,0.0,0.0,0.0,0.0,0.0,0.0,0.0,0.0,0.0
8	0.163090368558,0.800965340667,0.461807738942,0.773753333865,0.543268519833,0.508928501813,0.690879239655,0.319063216235,1.280780414143,0.891925939941,0.0499133672821,0.128830569529,0.135202568374,0.754588248156,0.776294056997,0.764910087433,0.131188643948,0.772063596228,0.601706323785,0.0,0.40366262216,0.0,0.116449816667,0.740309573864,0.363268354522,0.184503836077,0.452315495766,0.445342405153,0.487483341125,0.513265492857,0.589942737957,0.0150005743482,0.710674721536,0.807197209673,0.73081938826,0.0123364768122,0.728772619159,0.136698993035,0.774961508722,0.303323964961,0.0117311519193,0.243433463526,0.172566411463,0.322371450198,0.628628848026,0.0546568077833,0.31320613169,0.931411518989,0.579617033646,0.676269064618,0.0,0.0131476789996,0.0,0.0,0.0,0.0,0.0,0.0,0.0,0.0373294547437,0.0,0.0,0.0,0.0,0.00434156796608,0.0,0.0,0.0,0.0265590916482,0.0,0.0,0.0,0.0,0.0,0.0,0.0,0.0,0.0,0.0201634165717,0.0,0.0,0.0,0.0,0.0,0.0,0.0,0.0,0.0,0.0,0.0,0.0,0.0,0.0,0.0,0.0,0.0,0.0,0.0,0.0,0.0,0.0,0.0,0.0,0.0,0.0,0.0,0.0,0.0,0.0,0.0,0.0,0.0,0.0,0.0,0.0,0.0,0.0,0.0,0.0,0.0,0.0,0.0,0.0,0.0,0.0,0.0,0.0,0.0,0.0,0.0,0.0,0.0,0.0,0.0,0.0,0.0,0.0,0.0,0.0,0.0,0.0,0.0,0.0,0.0,0.0,0.0,0.0,0.0,0.0,0.0
9	0.0653293050089,0.554336752591,0.737220112906,0.95393540174,0.742781689488,0.414158729327,0.924683568561,0.524690155698,0.891925939941,1.0,0.0951317508673,0.233100465466,0.262144648138,0.927797576159,0.815342971328,0.847886639268,0.262476313765,0.970953881421,0.655009442165,0.273413046005,0.484144731583,0.113388280862,0.13800484402,0.593338785193,0.442983206175,0.153443028668,0.640129921444,0.669426933642,0.770086328372,0.483364670613,0.447804492487,0.0528429490703,0.939260187125,0.734588440641,0.887751480372,0.0326094848851,0.927072953053,0.21635745067,0.863231614308,0.221630372814,0.0201675973892,0.399028750484,0.289976085565,0.362298290022,0.668188750353,0.0578881589601,0.195964393696,0.9500777574,0.848343952892,0.874898780983,0.0,0.0140390010475,0.0,0.0,0.0,0.0,0.0,0.0,0.0,0.0538408996946,0.0,0.0,0.0,0.0,0.00467910309282,0.0,0.0,0.0,0.0601718177237,0.0,0.0,0.0,0.0,0.0,0.0,0.0,0.0,0.0,0.028736036853,0.0,0.0,0.0,0.0,0.0,0.0,0.0,0.00445904606617,0.0,0.0,0.0,0.0,0.0,0.0,0.0,0.0,0.00440405953031,0.0,0.0,0.0,0.0,0.0,0.0,0.0,0.0,0.0,0.0,0.0,0.0,0.0,0.0,0.0,0.0,0.0,0.0,0.0,0.0,0.0,0.0,0.0,0.0,0.0,0.0,0.0,0.0,0.0,0.0,0.0,0.0,0.0,0.0,0.0,0.0,0.0,0.0,0.0,0.0,0.0,0.0,0.0,0.0,0.0,0.0,0.0,0.0,0.0,0.0,0.0,0.0,0.0,0.0
10	0.0,0.0365159967772,0.254952745247,0.175052155472,0.376096189009,0.158729402937,0.10228058167,0.544461473354,0.0499133672821,0.0951317508673,1.105204343637,0.885316469025,0.784866861347,0.204380822605,0.213397600838,0.228993882428,0.742793221019,0.112733046315,0.321984189389,0.372151826907,0.50064791386,0.108107607811,0.605901679142,0.103408943601,0.540146402867,0.222276790909,0.472467418575,0.424877431857,0.19282237968,0.261398620761,0.0,0.147580386189,0.111948579681,0.145517012527,0.238975735802,0.790817139173,0.0693869150187,0.89421478333,0.222224134137,0.124903436023,0.718813573103,0.709920271861,0.836117976311,0.493515699576,0.295640611852,0.410703027751,0.0576122618189,0.0454044681813,0.116354548501,0.0528733240638,0.0711867023611,0.275131929499,0.0621345559944,0.289340750773,0.00486697774484,0.0101169660583,0.0357556602198,0.12178053644,0.0477569436267,0.746401446131,0.0722511214604,0.0,0.0578208071576,0.136666424118,0.181711013077,0.017362918089,0.045935971709,0.11314022904,0.936765193041,0.065759251112,0.298919115365,0.055203720716,0.0231814075126,0.257877064652,0.0,0.0,0.0,0.0336547547769,0.62618074094,0.0,0.119364256846,0.0,0.180920842462,0.0,0.0103862868945,0.0145087060337,0.533404699997,0.0425439760548,0.0468430554526,0.0109468088775,0.0147136081477,0.00657002167168,0.0209041240053,0.235824050769,0.0284088715139,0.314913926512,0.0084686113337,0.0289719791435,0.11052673998,0.0,0.0103863847076,0.0,0.0,0.0,0.0,0.0,0.0,0.0,0.0,0.0,0.0,0.0041503230796,0.0,0.0,0.0,0.0,0.0402140576564,0.0,0.0,0.0,0.0,0.0,0.0,0.0,0.0,0.0,0.0,0.0,0.0,0.0,0.0,0.0448223362216,0.0,0.0,0.0,0.0,0.0,0.0,0.0,0.0,0.0,0.0,0.0,0.0111151937852,0.0,0.0,0.0,0.0,0.0,0.0
11	0.00620788975471,0.0822296080717,0.510448054391,0.374991632991,0.644172821724,0.240888313885,0.257453857852,0.829830941232,0.128830569529,0.233100465466,0.885316469025,3.9323177064329204,0.967267972127,0.417219618996,0.392946357423,0.426727730599,0.939749620409,0.273818829663,0.510566919246,0.0,0.679169414436,0.0,0.563265099274,0.191273521601,0.706560803627,0.241213219448,0.743652404012,0.711094119733,0.418004166369,0.383193320629,0.176543659223,0.231210084614,0.275113104972,0.0,0.461137129061,0.637106060899,0.189581249278,0.0,0.420034370639,0.164847370106,0.446770308197,0.940224248017,0.986580371032,0.608598320571,0.47746430042,0.323483175696,0.0849119211515,0.128315820496,0.286419696032,0.0,0.0211740230104,0.167186603025,0.0231139209016,0.118300494654,0.0,0.0,0.0104486157174,0.0440219073381,0.0133741231733,0.554648676958,0.024249288188,0.0,0.0181289083409,0.045750550031,0.0928582329133,0.00637989446842,0.0128267891308,0.0,0.0,0.0225669197168,0.127345995836,0.0149187826257,0.00537594831936,0.120880942089,0.0,0.0,0.0,0.00825352241155,0.412172154554,0.0,0.040419433607,0.0,0.0660162678117,0.0,0.0,0.0,0.278933714127,0.0126201773414,0.0131773288092,0.0,0.0,0.0,0.0103496777666,0.105999978238,0.00674271750263,0.152421670732,0.0,0.0106834597167,0.042302987451,0.0,0.00696705509647,0.0,0.0,0.0,0.0,0.0,0.0,0.0,0.0,0.0,0.0,0.0,0.0,0.0,0.0,0.0,0.0335698917713,0.0,0.0,0.0,0.0,0.0,0.0,0.0,0.0,0.0,0.0,0.0,0.0,0.0,0.0,0.0205239120822,0.0,0.0,0.0,0.0,0.0,0.0,0.0,0.0,0.0,0.0,0.0,0.0,0.0,0.0,0.0,0.0,0.0,0.0
12	0.00421209572467,0.0733290285791,0.605192556559,0.412807638295,0.669466552034,0.192471782614,0.314701396329,0.882169842795,0.135202568374,0.262144648138,0.784866861347,0.967267972127,1.8581456714509,0.449085759255,0.379169574687,0.423049955166,0.995452439286,0.321278413214,0.467743958993,0.0,0.60370998649,0.0,0.421330390625,0.165835016989,0.622140668927,0.167538709835,0.75482549082,0.759966573799,0.511223177469,0.319790014744,0.143413661877,0.338278999189,0.3310404905,0.250702213806,0.481751319379,0.618019217358,0.235451152759,0.834766110467,0.419872149612,0.118536432883,0.324742475054,0.93790001732,0.944376529803,0.505139604912,0.436769290502,0.214849150396,0.0602353136407,0.147987447342,0.35938784413,0.197413936776,0.011279114167,0.0992913408535,0.0111801753916,0.0769886813571,0.0,0.0,0.00490462630236,0.0236561981186,0.00675329839759,0.406589899524,0.0121694336168,0.0,0.00896293495413,0.0270030701232,0.051259163291,0.0,0.00643295944174,0.0,0.747115316313,0.0111084396953,0.0795813824224,0.00846156442308,0.0,0.0703916825431,0.0,0.0,0.0,0.00474414581893,0.284936451553,0.0,0.0223654566335,0.0,0.0392285459951,0.0,0.0,0.0,0.218572647523,0.00945756609834,0.00660354514168,0.0,0.0,0.0,0.00463968016862,0.0610751187434,0.0,0.091878969986,0.0,0.00476765625505,0.0220353593153,0.0,0.00977744077394,0.0,0.0,0.0,0.0,0.0,0.0,0.0,0.0,0.0,0.0,0.0,0.0,0.0,0.0,0.0,0.0469233645092,0.0,0.0,0.00480419005591,0.0,0.0,0.0,0.0,0.00502065984717,0.0,0.0,0.0,0.0,0.0,0.0,0.0213494391372,0.0,0.0,0.0,0.0,0.0,0.0,0.0,0.0,0.00420032137794,0.0,0.0,0.0087962230402,0.0,0.0,0.0,0.0,0.0,0.0
13	0.0542886253319,0.484718003489,0.858599100495,0.99485911855,0.92861733513,0.49612969895,0.879292676163,0.744467993695,0.754588248156,0.927797576159,0.204380822605,0.417219618996,0.449085759255,1.160418551205,0.908552753755,0.949439775654,0.444912766025,0.932219369264,0.8172015298,0.405347366221,0.689625904644,0.0,0.255087443362,0.616873609195,0.649845490849,0.233468868741,0.856055414759,0.870478805714,0.846335811547,0.61478351237,0.491671795835,0.0886367451733,0.90540999742,0.780119209517,0.992188708153,0.0810588144424,0.822285503746,0.393947980315,0.958245695129,0.285025884192,0.054063737742,0.623924038334,0.494422163622,0.54282710023,0.818268300676,0.116847405813,0.224650172089,0.779757932012,0.837484158061,0.746508560096,0.0,0.0340234475657,0.0,0.00460699517427,0.0,0.0,0.0,0.0,0.0,0.12206940619,0.0,0.0,0.0,0.0,0.0128242912708,0.0,0.0,0.0,0.138403095437,0.0,0.00645509565427,0.0,0.0,0.0105431976987,0.0,0.0,0.0,0.0,0.0706913212456,0.0,0.0,0.0,0.0,0.0,0.0,0.0,0.0147857545589,0.0,0.0,0.0,0.0,0.0,0.0,0.00824072366248,0.0,0.0134194433317,0.0,0.0,0.0,0.0,0.0,0.0,0.0,0.0,0.0,0.0,0.0,0.0,0.0,0.0,0.0,0.0,0.0,0.0,0.0,0.0,0.0,0.0,0.0,0.0,0.0,0.0,0.0,0.0,0.0,0.0,0.0,0.0,0.0,0.0,0.0,0.0,0.0,0.0,0.0,0.0,0.0,0.0,0.0,0.0,0.0,0.0,0.0,0.0,0.0,0.0,0.0,0.0,0.0,0.0
14	0.125997973905,0.667144996063,0.636263069927,0.87619191643,0.858681913367,0.756842294069,0.65697644231,0.633962437681,0.776294056997,0.815342971328,0.213397600838,0.392946357423,0.379169574687,0.908552753755,2.230099515866,0.992413627894,0.360327931105,0.74909316783,0.955133763962,0.250542550684,0.817030894082,0.332433168254,0.382809327,0.846370050389,0.776187312687,0.427716369835,0.809352423241,0.754760290259,0.603186220523,0.848828950084,0.0,0.0395990845147,0.693459739618,0.955685410744,0.94175814787,0.0683759822657,0.60996282689,0.432509234731,0.989138479821,0.516713682897,0.0759794455232,0.579519369483,0.0,0.718481847434,0.964732412392,0.212486479606,0.433236876318,0.680111790526,0.589050932989,0.526342091155,0.0,0.0717951491611,0.00430364161247,0.00713335966185,0.0,0.0,0.0,0.0043393354952,0.0,0.178161646188,0.0,0.0,0.0,0.0,0.0297927905389,0.0,0.0,0.0,0.12812419369,0.0,0.0109985866962,0.0,0.0,0.0213782333334,0.0,0.0,0.0,0.0,0.112054368559,0.0,0.0,0.0,0.00407465985502,0.0,0.0,0.0,0.0168917298224,0.0,0.0,0.0,0.0,0.0,0.00835212456819,0.0168561948653,0.0,0.0256048472357,0.0,0.0,0.00605511938604,0.0,0.0,0.0,0.0,0.0,0.0,0.0,0.0,0.0,0.0,0.0,0.0,0.0,0.0,0.0,0.0,0.0,0.0,0.0,0.0,0.0,0.0,0.0,0.0,0.0,0.0,0.0,0.0,0.0,0.0,0.0,0.0,0.0,0.0,0.0,0.0,0.0,0.0,0.0,0.0,0.0,0.0,0.0,0.0,0.0,0.0,0.0,0.0,0.0,0.0,0.0
15	0.0982167156261,0.606794156557,0.710050134735,0.920884407223,0.905637948421,0.688953099058,0.717332941201,0.692940442819,0.764910087433,0.847886639268,0.228993882428,0.426727730599,0.423049955166,0.949439775654,0.992413627894,1.0,0.406427339817,0.801814626755,0.941921371077,0.301391279957,0.8128969867,0.281706851169,0.365006667803,0.783422116288,0.772649232041,0.378082244773,0.853719611263,0.813882006908,0.676901577627,0.799625951486,0.67570766611,0.0528921749081,0.752809237776,0.915598868212,0.975304450869,0.0790879740494,0.662927338069,0.450289472323,0.999442552945,0.450782954725,0.0765027370307,0.623692339507,0.51601875265,0.695925994783,0.947329190902,0.193408300516,0.367255979445,0.700478468712,0.656732173265,0.578251037439,0.0,0.0637382051223,0.0,0.0072166639336,0.0,0.0,0.0,0.00396871295739,0.0,0.17462667402,0.0,0.0,0.0,0.0,0.0260381884302,0.0,0.0,0.0,0.143236891261,0.0,0.0107599942945,0.0,0.0,0.0196425751934,0.0,0.0,0.0,0.0,0.108113609027,0.0,0.0,0.0,0.0039689876663,0.0,0.0,0.0,0.0184181795203,0.0,0.0,0.0,0.0,0.0,0.0064214323384,0.015499784521,0.0,0.0239157072013,0.0,0.0,0.00537218498539,0.0,0.0,0.0,0.0,0.0,0.0,0.0,0.0,0.0,0.0,0.0,0.0,0.0,0.0,0.0,0.0,0.0,0.0,0.0,0.0,0.0,0.0,0.0,0.0,0.0,0.0,0.0,0.0,0.0,0.0,0.0,0.0,0.0,0.0,0.0,0.0,0.0,0.0,0.0,0.0,0.0,0.0,0.0,0.0,0.0,0.0,0.0,0.0,0.0,0.0,0.0
16	0.0,0.0668229463454,0.625033383198,0.412008442427,0.658474009498,0.170334111785,0.325992768048,0.880433654618,0.131188643948,0.262476313765,0.742793221019,0.939749620409,0.995452439286,0.444912766025,0.360327931105,0.406427339817,1.0202387102336,0.327613660295,0.437691826077,0.805191584283,0.561548765263,0.0664493863543,0.370395929715,0.150611536302,0.577293135889,0.141802208135,0.737765637905,0.757106281377,0.533110461358,0.288679658915,0.127253975349,0.385824534662,0.341004523815,0.233134253085,0.47244793971,0.609993924848,0.244672575554,0.784644242683,0.404535430915,0.100948471394,0.286996283916,0.916811329386,0.911759521219,0.458358536876,0.408128752647,0.180931589919,0.0507630204743,0.148838634039,0.376774304631,0.207564060017,0.00902626797303,0.0806628362925,0.0085079274611,0.0661253726226,0.0,0.0,0.0,0.0188420265025,0.00529770175007,0.357848425342,0.00944754590544,0.0,0.00693485136393,0.022449878687,0.0406807128009,0.0,0.00503256917483,0.0,0.724266445318,0.00854568366719,0.0670741303428,0.00698182971098,0.0,0.0573514217619,0.0,0.0,0.0,0.00395314571613,0.245937145035,0.0,0.018086097932,0.0,0.032585556026,0.0,0.0,0.0,0.200878594614,0.0087411978675,0.00516264883439,0.0,0.0,0.0,0.0,0.0496286054683,0.0,0.0758518222359,0.0,0.0,0.0172793821278,0.0,0.0113660545885,0.0,0.0,0.0,0.0,0.0,0.0,0.0,0.0,0.0,0.0,0.00410902789501,0.0,0.0,0.0,0.0,0.0539438669464,0.0,0.0,0.00604289897793,0.0,0.0,0.0,0.0,0.00649816373882,0.0,0.0,0.0,0.0,0.0,0.0,0.0222377436131,0.0,0.0,0.0,0.0,0.0,0.0,0.0,0.0,0.00529411572104,0.0,0.0,0.0100349416226,0.0,0.0,0.0,0.0,0.0,0.0
17	0.0366168408144,0.416370649054,0.847009430096,0.963294184779,0.778310514131,0.328521968428,0.986261406489,0.599818611652,0.772063596228,0.970953881421,0.112733046315,0.273818829663,0.321278413214,0.932219369264,0.74909316783,0.801814626755,0.327613660295,1.0,0.60625535604,0.375666907393,0.465758685351,0.0810709851332,0.128262161501,0.473908398458,0.428675768412,0.120044314385,0.678560732512,0.735544994608,0.885216272757,0.412540686183,0.345192388233,0.0898938248317,0.993489469877,0.627386118547,0.882664561465,0.0454708836205,0.968996990159,0.235830015262,0.819266598388,0.164514128303,0.0220613932763,0.450639049549,0.328874462846,0.334573259955,0.611682799443,0.0501270573048,0.135321581925,0.887738855842,0.946250398914,0.926750480649,0.0,0.0119736526552,0.0,0.0,0.0,0.0,0.0,0.0,0.0,0.0544899662995,0.0,0.0,0.0,0.0,0.00395836328545,0.0,0.0,0.0,0.0777816421426,0.0,0.0,0.0,0.0,0.0,0.0,0.0,0.0,0.0,0.0286412639592,0.0,0.0,0.0,0.0,0.0,0.0,0.0,0.00585448390977,0.0,0.0,0.0,0.0,0.0,0.0,0.0,0.0,0.00428662772842,0.0,0.0,0.0,0.0,0.0,0.0,0.0,0.0,0.0,0.0,0.0,0.0,0.0,0.0,0.0,0.0,0.0,0.0,0.0,0.0,0.0,0.0,0.0,0.0,0.0,0.0,0.0,0.0,0.0,0.0,0.0,0.0,0.0,0.0,0.0,0.0,0.0,0.0,0.0,0.0,0.0,0.0,0.0,0.0,0.0,0.0,0.0,0.0,0.0,0.0,0.0,0.0,0.0,0.0
18	0.112503682079,0.559429546379,0.58181612381,0.765307170372,0.8612269323,0.809664691599,0.52084000205,0.684997892367,0.601706323785,0.655009442165,0.321984189389,0.510566919246,0.467743958993,0.8172015298,0.955133763962,0.941921371077,0.437691826077,0.60625535604,2.3681599126576303,0.262842367098,0.942446229466,0.424281257929,0.555906922641,0.802294648703,0.915700428092,0.561625600772,0.855214047107,0.769047284807,0.525364530157,0.929882577872,0.0,0.0426516326779,0.557735586579,0.900169955175,0.87646308677,0.109917987756,0.459564302583,0.58564866985,0.930799926664,0.600758361487,0.141980495223,0.682132261796,0.0,0.877375534552,0.998398730178,0.340704529902,0.469603809866,0.499995388853,0.474142722548,0.38207758733,0.0,0.134868493602,0.0109108881794,0.0172663219065,0.0,0.0,0.0,0.0112541047577,0.0,0.297628345798,0.0068814494914,0.0,0.00446587482055,0.00575543681673,0.0622115243069,0.00542726179775,0.0,0.0,0.198364140013,0.0075634822599,0.0258953500941,0.0,0.0,0.0472458593037,0.0,0.0,0.0,0.0,0.201517877804,0.0,0.00726468253511,0.0,0.0105524404679,0.0,0.0,0.0,0.035308760335,0.0,0.0,0.0,0.0,0.0,0.0176278926026,0.0382315265134,0.0,0.0555422221658,0.0,0.0,0.0151283200564,0.0,0.0,0.0,0.0,0.0,0.0,0.0,0.0,0.0,0.0,0.0,0.0,0.0,0.0,0.0,0.0,0.0,0.0,0.0,0.0,0.0,0.0,0.0,0.0,0.0,0.0,0.0,0.0,0.0,0.0,0.0,0.0,0.0,0.0,0.0,0.0,0.0,0.0,0.0,0.0,0.0,0.0,0.0,0.0,0.0,0.0,0.0,0.0,0.0,0.0,0.0
19	0.0,0.0401881458774,0.0,0.398767727813,0.536052206692,0.0740688040118,0.413414133578,0.739307652062,0.0,0.273413046005,0.372151826907,0.0,0.0,0.405347366221,0.250542550684,0.301391279957,0.805191584283,0.375666907393,0.262842367098,3.9662995359335604,0.305823137225,0.0175259565642,0.1266229086,0.0819233332729,0.305599171853,0.042033119652,0.56020050721,0.65456566887,0.658827078424,0.137885880636,0.0,0.679150522026,0.415270024333,0.145131298954,0.397757386951,0.369609674465,0.326671347402,0.406892764177,0.306540952214,0.0,0.0853843313466,0.64824629157,0.0,0.209536573064,0.24506582622,0.0456539966712,0.0166972498627,0.168604103784,0.505423986175,0.303107422144,0.0,0.0,0.0,0.0141382685458,0.0,0.0,0.0,0.0,0.0,0.112133250829,0.0,0.0,0.0,0.0,0.00620019624846,0.0,0.0,0.00409126895325,0.40738873091,0.0,0.0131604969188,0.0,0.0,0.00973196585433,0.0,0.0,0.0,0.0,0.0658706146433,0.0,0.0,0.0,0.0,0.0,0.0,0.0,0.068861633036,0.0,0.0,0.0,0.0,0.0,0.0,0.00815617260307,0.0,0.0140179270988,0.0,0.0,0.0,0.0,0.0155884371625,0.0,0.0,0.0,0.0,0.0,0.0,0.0,0.0,0.0,0.0,0.00559538844364,0.0,0.0,0.0,0.0,0.0,0.0,0.0,0.0150279828292,0.0,0.0,0.00455154369519,0.0,0.0,0.0,0.0,0.0,0.0,0.0,0.0,0.0142852365712,0.0,0.0,0.00521356085218,0.0,0.0,0.0,0.0,0.0,0.0132606178231,0.0,0.0,0.0118291128828,0.0,0.00466555457831,0.0,0.0,0.0,0.0
20	0.0692366152634,0.377084746748,0.535905915091,0.62858267844,0.829746735969,0.718870194663,0.399168739928,0.745168143382,0.40366262216,0.484144731583,0.50064791386,0.679169414436,0.60370998649,0.689625904644,0.817030894082,0.8128969867,0.561548765263,0.465758685351,0.942446229466,0.305823137225,1.00760518149461,0.426396692991,0.731344698896,0.632495778404,0.997106552955,0.609198988032,0.873982779428,0.771999320632,0.460751828569,0.879039896584,0.616965484332,0.0570547067011,0.431817987878,0.730498305197,0.761404036097,0.198594459647,0.330947198846,0.780823074552,0.79786878513,0.56031966752,0.262819239864,0.804066701732,0.773312497791,0.965201452299,0.924552682211,0.477366250597,0.392693892347,0.331031278098,0.377845315732,0.266844401045,0.00874186747999,0.220068183439,0.0238602097256,0.0430033296692,0.0,0.0,0.00708416611348,0.0272557031593,0.00604142948982,0.472022626058,0.0169551673433,0.0,0.0115725389675,0.0159872951659,0.11250851008,0.0109493354159,0.00592469692266,0.0,0.331464241013,0.0180122409329,0.0603515327262,0.0,0.0,0.0959942823883,0.0,0.0,0.0,0.0,0.341611679613,0.0,0.0190595168586,0.0,0.0272581406435,0.0,0.0,0.0,0.0806277447573,0.0,0.00621052843411,0.0,0.0,0.0,0.0282070995124,0.0800511461339,0.0,0.112425734322,0.0,0.0152124065214,0.0340253666309,0.0,0.0,0.0,0.0,0.0,0.0,0.0,0.0,0.0,0.0,0.0,0.0,0.0,0.0,0.0,0.0,0.0,0.0,0.0,0.0,0.0,0.0,0.0,0.0,0.0,0.0,0.0,0.0,0.0,0.0,0.0,0.0,0.0,0.0,0.0,0.0,0.0,0.0,0.0,0.0,0.0,0.0,0.0,0.0,0.0,0.0,0.0,0.0,0.0,0.0,0.0
21	0.336275964872,0.360542510467,0.0,0.0,0.182972774671,0.748949744729,0.0560787126522,0.116761048471,0.0,0.113388280862,0.108107607811,0.0,0.0,0.0,0.332433168254,0.281706851169,0.0664493863543,0.0810709851332,0.424281257929,0.0175259565642,0.426396692991,8.084681753691651,0.0,0.0,0.0,0.93206798805,0.196409084349,0.0,0.0,0.0,0.0,0.0,0.0647719903314,0.426117451264,0.0,0.0,0.0478255351392,0.221292632669,0.267832920905,0.0,0.119397113084,0.152968056693,0.0,0.0,0.433149034605,0.0,0.86128224357,0.0,0.0429986982547,0.0339831108813,0.00942527749891,0.0,0.0705085181897,0.0205617482788,0.0,0.0,0.0172245842005,0.0,0.00842648685126,0.271431064866,0.0331326257009,0.0,0.0223489469988,0.0,0.0,0.0736219704792,0.00860601394045,0.0,0.0472607777134,0.0415143119514,0.0,0.0,0.0,0.120334940213,0.0,0.0,0.0,0.0,0.238060581994,0.0,0.0197209038855,0.0,0.0,0.0,0.0,0.0,0.0,0.0,0.0,0.0,0.0,0.0107108570681,0.220721419806,0.10054604094,0.0,0.11798793145,0.0,0.0,0.0643192014803,0.0,0.0,0.0,0.0,0.0,0.0,0.0,0.0,0.0,0.0,0.0,0.0,0.0,0.0,0.0,0.0,0.0,0.0,0.0,0.0,0.0,0.0,0.0,0.0,0.0,0.0,0.0,0.0,0.0,0.0,0.0,0.0,0.0,0.0,0.0,0.0,0.0,0.0,0.0,0.0,0.0,0.0,0.0,0.0,0.0,0.0,0.0,0.0,0.0,0.0,0.0
22	0.0427217782222,0.151624237715,0.183122613,0.214569561114,0.391349850024,0.515802121449,0.100957060991,0.393523145848,0.116449816667,0.13800484402,0.605901679142,0.563265099274,0.421330390625,0.255087443362,0.382809327,0.365006667803,0.370395929715,0.128262161501,0.555906922641,0.1266229086,0.731344698896,0.0,1.5727959000742,0.330050988162,0.768699641522,0.75121583903,0.4666840588,0.363246761941,0.138788327278,0.627404226443,0.386602245458,0.0208225012194,0.114212333035,0.352821652589,0.310512776443,0.244140039304,0.074757083284,0.771060589692,0.349275068289,0.529402272544,0.594137539413,0.535525160574,0.616056481403,0.848745694587,0.534585051291,0.898926290226,0.330634696244,0.0777154594797,0.0954262616585,0.0540965481147,0.065160691485,0.632320256881,0.151456174878,0.17860724517,0.0139719616353,0.0116343177422,0.0616147041614,0.160114577046,0.051139714451,0.857542114589,0.116807666127,0.00742454857069,0.0877311299516,0.093085833436,0.4279353851,0.0805889931951,0.0506863082535,0.0,0.396150155924,0.123383505388,0.249302756209,0.0296508733652,0.0071849356235,0.381887457334,0.0,0.00900143448701,0.0,0.0137418304679,0.7612491454,0.00473321670522,0.117210599912,0.0,0.142422934125,0.0,0.00910815061426,0.0140030036541,0.206207517442,0.00635199668192,0.0527156503556,0.0127252585177,0.0132498910078,0.0212666925047,0.138712026091,0.338307667542,0.0145029101309,0.415324754892,0.0108238975129,0.106221307818,0.193168679997,0.0,0.0,0.0,0.0,0.0,0.0,0.0,0.0,0.0,0.0,0.0,0.0,0.0,0.0,0.0,0.0,0.0,0.0,0.0,0.0,0.0,0.0,0.0,0.0,0.0,0.0,0.0,0.0,0.0,0.0,0.0,0.0,0.0,0.0,0.0,0.0,0.0,0.0,0.0,0.0,0.0,0.0,0.0,0.0,0.0,0.0,0.0,0.0,0.0,0.0,0.0
23	0.344645756547,0.900635162429,0.31418612761,0.58593427837,0.533753400836,0.92123671595,0.381435213257,0.322681707498,0.740309573864,0.593338785193,0.103408943601,0.191273521601,0.165835016989,0.616873609195,0.846370050389,0.783422116288,0.150611536302,0.473908398458,0.802294648703,0.0819233332729,0.632495778404,0.0,0.330050988162,1.528721248384,0.593956026207,0.55035668814,0.492179728456,0.41959488329,0.295906770669,0.869706471523,0.968097070133,0.00779643920008,0.411367818927,0.961484175382,0.658124287017,0.0226206038692,0.369607737073,0.252873066584,0.773429067432,0.743773089176,0.0456326242395,0.306554209785,0.254460535346,0.61713599471,0.830888543684,0.219302904064,0.735420522414,0.537196783012,0.30783995771,0.307668744096,0.0,0.0781833455111,0.00508756170844,0.0,0.0,0.0,0.0,0.0,0.0,0.127268127516,0.0,0.0,0.0,0.0,0.0334680785855,0.0,0.0,0.0,0.0505867803759,0.0,0.0068899668452,0.0,0.0,0.0185077219105,0.0,0.0,0.0,0.0,0.0836976031008,0.0,0.0,0.0,0.0,0.0,0.0,0.0,0.00664138224802,0.0,0.0,0.0,0.0,0.0,0.0171585480492,0.0143854331778,0.0,0.0206617219053,0.0,0.00431788842531,0.00588603596106,0.0,0.0,0.0,0.0,0.0,0.0,0.0,0.0,0.0,0.0,0.0,0.0,0.0,0.0,0.0,0.0,0.0,0.0,0.0,0.0,0.0,0.0,0.0,0.0,0.0,0.0,0.0,0.0,0.0,0.0,0.0,0.0,0.0,0.0,0.0,0.0,0.0,0.0,0.0,0.0,0.0,0.0,0.0,0.0,0.0,0.0,0.0,0.0,0.0,0.0,0.0
24	0.0625288047454,0.342394230766,0.51175872598,0.58838342713,0.804893634515,0.694563608335,0.366470534039,0.74033604878,0.363268354522,0.442983206175,0.540146402867,0.706560803627,0.622140668927,0.649845490849,0.776187312687,0.772649232041,0.577293135889,0.428675768412,0.915700428092,0.305599171853,0.997106552955,0.0,0.768699641522,0.593956026207,1.4362621300926701,0.617596288688,0.859150519888,0.754206818063,0.434909183315,0.858532498919,0.58607370212,0.0582351220239,0.397582503243,0.688153193439,0.722836248493,0.220021891574,0.299733031443,0.816106012966,0.757000541026,0.549717305156,0.29678830475,0.814697431221,0.797179540831,0.972848151328,0.895135247477,0.511260243825,0.376946417153,0.295730471391,0.349247541041,0.239756425947,0.0109687067795,0.244539790748,0.0284454401483,0.051901602701,0.0,0.0,0.00880536708268,0.0330137248991,0.00762446931488,0.516111900105,0.020679017329,0.0,0.0142719818041,0.019828395026,0.12815306953,0.012918110685,0.00747606609508,0.0,0.362017026722,0.0218354420029,0.0719926452739,0.00488155213431,0.0,0.111704421883,0.0,0.0,0.0,0.0,0.379766428808,0.0,0.0234360952868,0.0,0.033294040099,0.0,0.0,0.0,0.0947236929146,0.0,0.00782536854137,0.0,0.0,0.0,0.0316496313884,0.0937795840653,0.0,0.130502899846,0.0,0.0180188666194,0.0406520127979,0.0,0.0,0.0,0.0,0.0,0.0,0.0,0.0,0.0,0.0,0.0,0.0,0.0,0.0,0.0,0.0,0.0,0.0,0.0,0.0,0.0,0.0,0.0,0.0,0.0,0.0,0.0,0.0,0.0,0.0,0.0,0.0,0.0,0.0,0.0,0.0,0.0,0.0,0.0,0.0,0.0,0.0,0.0,0.0,0.0,0.0,0.0,0.0,0.0,0.0,0.0
25	0.203219429124,0.334366512458,0.11330963693,0.198644853282,0.289518255494,0.789340941423,0.087183334677,0.213573770315,0.184503836077,0.153443028668,0.222276790909,0.241213219448,0.167538709835,0.233468868741,0.427716369835,0.378082244773,0.141802208135,0.120044314385,0.561625600772,0.042033119652,0.609198988032,0.93206798805,0.75121583903,0.55035668814,0.617596288688,1.0067519556606,0.319359015625,0.231932425276,0.0894655516551,0.76547331628,0.677066080605,0.0,0.099713952018,0.489975644571,0.284155759522,0.0536321722276,0.0714354527963,0.393167244303,0.360827333628,0.908211671158,0.22661674139,0.279188577218,0.298381296631,0.754805488798,0.562721315782,0.755898940484,0.738779217465,0.103985758676,0.0717057370598,0.0514265375187,0.018496242518,0.483484393274,0.0945292930457,0.0452243437673,0.00774457631333,0.0,0.0268429199775,0.0643070766734,0.0157015506723,0.448756106007,0.0521590221684,0.0,0.0362482264415,0.0228435709648,0.305349444793,0.078015941989,0.0158650702412,0.0,0.111278957215,0.0617454224947,0.0793185283597,0.00555225861878,0.0,0.189456054283,0.0,0.00665539763275,0.0,0.0,0.390023317366,0.0,0.0372484076705,0.0,0.0403172858311,0.0,0.0,0.0,0.0426967482188,0.0,0.0167880943582,0.0,0.0,0.0134131009282,0.199342023683,0.1608044992,0.0,0.193236851336,0.0,0.0875203390316,0.0971650510753,0.0,0.0,0.0,0.0,0.0,0.0,0.0,0.0,0.0,0.0,0.0,0.0,0.0,0.0,0.0,0.0,0.0,0.0,0.0,0.0,0.0,0.0,0.0,0.0,0.0,0.0,0.0,0.0,0.0,0.0,0.0,0.0,0.0,0.0,0.0,0.0,0.0,0.0,0.0,0.0,0.0,0.0,0.0,0.0,0.0,0.0,0.0,0.0,0.0,0.0,0.0
26	0.030590686574,0.300897691108,0.82975485299,0.813076770245,0.98483394288,0.483794380059,0.633200511992,0.951920894249,0.452315495766,0.640129921444,0.472467418575,0.743652404012,0.75482549082,0.856055414759,0.809352423241,0.853719611263,0.737765637905,0.678560732512,0.855214047107,0.56020050721,0.873982779428,0.196409084349,0.4666840588,0.492179728456,0.859150519888,0.319359015625,1.422629810283,0.980088951658,0.753263578882,0.656750187222,0.0,0.148607872199,0.664287126418,0.645094329455,0.893491364057,0.23366960046,0.535502137321,0.714986036346,0.851308891474,0.305713922086,0.170003542076,0.914853556055,0.820127419451,0.736624166229,0.833219036846,0.240812922258,0.203427099838,0.450559752841,0.638423974732,0.460633025421,0.0,0.0907956474868,0.00682613379355,0.023531771043,0.0,0.0,0.0,0.00993293980994,0.0,0.30061110041,0.00537544026825,0.0,0.0,0.0073016352831,0.0407286964617,0.0,0.0,0.004320803367,0.355082188894,0.00544440436952,0.0299085026823,0.0,0.0,0.0398469288756,0.0,0.0,0.0,0.0,0.195229391811,0.0,0.0075127620975,0.0,0.0124302858403,0.0,0.0,0.0,0.0638530372777,0.0,0.0,0.0,0.0,0.0,0.00643575314318,0.0327115563218,0.0,0.0501236378375,0.0,0.0,0.011434405568,0.0,0.0,0.0,0.0,0.0,0.0,0.0,0.0,0.0,0.0,0.0,0.0,0.0,0.0,0.0,0.0,0.0,0.00640099383395,0.0,0.0,0.0,0.0,0.0,0.0,0.0,0.0,0.0,0.0,0.0,0.0,0.0,0.0,0.0,0.0,0.0,0.0,0.0,0.0,0.0,0.0,0.0,0.0,0.0,0.0,0.0,0.0,0.0,0.0,0.0,0.0,0.0
27	0.0211670002482,0.260208030181,0.915612916719,0.84055257834,0.980550263195,0.388825747335,0.709091448385,0.971235501348,0.445342405153,0.669426933642,0.424877431857,0.711094119733,0.759966573799,0.870478805714,0.754760290259,0.813882006908,0.757106281377,0.735544994608,0.769047284807,0.65456566887,0.771999320632,0.0,0.363246761941,0.41959488329,0.754206818063,0.231932425276,0.980088951658,1.136077917839,0.84988679371,0.548286297561,0.342772546546,0.197792032467,0.735014920488,0.57667143226,0.888486446711,0.227573389603,0.60536678905,0.638530822234,0.816669316043,0.226454219074,0.131663768871,0.890917757391,0.775803815041,0.617185141188,0.747692709096,0.171030869209,0.148213833072,0.47799168789,0.731524841275,0.534238146401,0.0,0.0594497517085,0.0,0.016946681931,0.0,0.0,0.0,0.00613021525865,0.0,0.232506638734,0.0,0.0,0.0,0.00489175869681,0.0252913322663,0.0,0.0,0.0,0.334430178259,0.0,0.0207802588235,0.0,0.0,0.0259805459158,0.0,0.0,0.0,0.0,0.144596652609,0.0,0.00476614391867,0.0,0.00834093880617,0.0,0.0,0.0,0.053091745584,0.0,0.0,0.0,0.0,0.0,0.0,0.0211818035492,0.0,0.0335884682135,0.0,0.0,0.00685690059012,0.0,0.0,0.0,0.0,0.0,0.0,0.0,0.0,0.0,0.0,0.0,0.0,0.0,0.0,0.0,0.0,0.0,0.00844744650573,0.0,0.0,0.0,0.0,0.0,0.0,0.0,0.0,0.0,0.0,0.0,0.0,0.0,0.0,0.0,0.0,0.0,0.0,0.0,0.0,0.0,0.0,0.0,0.0,0.0,0.0,0.0,0.0,0.0,0.0,0.0,0.0,0.0
28	0.0116986534971,0.21501332982,0.987013365542,0.865554777634,0.817876773939,0.2193640319,0.916695768977,0.772946275186,0.487483341125,0.770086328372,0.19282237968,0.418004166369,0.511223177469,0.846335811547,0.603186220523,0.676901577627,0.533110461358,0.885216272757,0.525364530157,0.658827078424,0.460751828569,0.0,0.138788327278,0.295906770669,0.434909183315,0.0894655516551,0.753263578882,0.84988679371,1.0505179158546,0.318757686266,0.210234411073,0.234646489895,0.918437994193,0.439550477528,0.80430514669,0.108332227259,0.840209254457,0.323747869974,0.692173749853,0.103084375221,0.0376543378699,0.601077064877,0.463036908638,0.319454340789,0.515833359465,0.0510326389204,0.0711999190477,0.620368027228,0.962027116826,0.803056788829,0.0,0.0131642121897,0.0,0.0,0.0,0.0,0.0,0.0,0.0,0.0752315661943,0.0,0.0,0.0,0.0,0.00459766043661,0.0,0.0,0.0,0.157970190587,0.0,0.00390385447534,0.0,0.0,0.00476622373964,0.0,0.0,0.0,0.0,0.0403895803001,0.0,0.0,0.0,0.0,0.0,0.0,0.0,0.0148866803298,0.0,0.0,0.0,0.0,0.0,0.0,0.0,0.0,0.00655355475655,0.0,0.0,0.0,0.0,0.0,0.0,0.0,0.0,0.0,0.0,0.0,0.0,0.0,0.0,0.0,0.0,0.0,0.0,0.0,0.0,0.00636485630629,0.0,0.0,0.0,0.0,0.0,0.0,0.0,0.0,0.0,0.0,0.0,0.0,0.0,0.0,0.0,0.0,0.0,0.0,0.0,0.0,0.0,0.0,0.0,0.0,0.0,0.0,0.0,0.0,0.0,0.0,0.0,0.0,0.0
